0.948724900391
0.957208868504
0.948482609325
0.948216757214
0.897279854007
0.94775395541
0.947692753702
0.912215795907
0.916284159383
0.921326703348
0.913621873344
0.91413745202
0.908944279402
0.934150286938
0.949956259063
0.846814100598
0.92636513435
0.974894548242
0.948464650508
0.911811171914
0.924719072487
0.914599013238
0.916156623338
0.912546200902
0.950161646167
0.960233977102
0.950191888339
0.947997232538
0.90404667699
0.927383900405
0.968300135411
0.953312900001
0.934401238931
0.955065309189
0.924605434315
0.908472381992
0.914743311899
0.963140197182
0.951669897273
0.860547046287
0.950808091713
0.994182544073
0.94833777026
0.921857339352
0.930084261269
0.918915132293
0.928058307415
0.923169171294
0.949588540423
0.958826386556
0.94963438972
0.948799827306
0.90064446122
0.94193442808
0.944919135152
0.954394147551
0.943172343786
0.952052012355
0.929372885016
0.914142792726
0.907935810328
0.965233962985
0.961736660658
0.85396875228
0.933689186441
0.968442160896
0.948323787802
0.921649772773
0.931171819722
0.940534070302
0.933221945905
0.927210624567
0.948959686187
0.957620541551
0.948715117959
0.946387867248
0.898992307843
0.932735348682
0.943771774128
0.958671356316
0.945785065109
0.950857207076
0.922383416766
0.919671155082
0.910078028748
0.969406535613
0.956277246765
0.849609100605
0.933758522643
0.988834750104
0.948277368527
0.920249579072
0.925057816579
0.909952819664
0.923081806035
0.918665270581
0.949994764741
0.958401537022
0.94970313088
0.948520388547
0.902294702616
0.937530920795
0.938391554943
0.889256612073
0.889465707476
0.911823244832
0.916678124355
0.901861328662
0.911499480761
0.905037589692
0.963324495042
0.857241735721
0.898255860629
0.972673427388
0.947825535398
0.914915484174
0.920527556248
0.928156815467
0.947312288516
0.916817674185
0.949320938664
0.956993028077
0.949554066894
0.949707121947
0.899361808057
0.926632527662
0.953451367389
0.911262699298
0.909387156449
0.923141018329
0.913734094811
0.911493519475
0.910823536487
0.928600096981
0.935159752278
0.844636489035
0.886710066555
0.964714275623
0.947194628521
0.912863556861
0.923190484016
0.926381355467
0.917300648126
0.913202943545
0.948920220928
0.957713099072
0.948808323132
0.948195690284
0.898378488014
0.945652149403
0.944642967934
0.927502606945
0.934154779241
0.941313990506
0.917571024715
0.91116406352
0.91382312624
0.946604933202
0.950252050652
0.848731450944
0.923035843128
0.975518808082
0.948494920865
0.918927955857
0.926751970737
0.923138965297
0.931004667095
0.917870651996
0.949506477783
0.957364424051
0.949517946042
0.948560690383
0.899989464653
0.921802459427
0.936999853477
0.874291028232
0.897172701412
0.912290598654
0.913453601364
0.917995096899
0.911521196083
0.900645353818
0.965928740081
0.845080256761
0.876851985673
0.975861078835
0.946971857929
0.913924002498
0.922267635776
0.926194499433
0.947289491989
0.914166316195
0.948484161076
0.956667160046
0.948249803794
0.948841564033
0.897657103883
0.946788682969
0.943836765321
0.92727663298
0.936540580294
0.942371499151
0.917438331487
0.914153016873
0.908652839552
0.942128444726
0.94278256823
0.844649807406
0.911406230729
0.968858950231
0.94856184109
0.916862992161
0.925238547741
0.931800584322
0.926092084223
0.917746005318
0.948575892332
0.956700990098
0.948637538547
0.950216320527
0.896618171764
0.937857983235
0.939647861015
0.937138981367
0.936300605776
0.943606924504
0.915690433715
0.910225487506
0.904680819205
0.943829745869
0.936134624936
0.844983096661
0.914278482857
0.972801157645
0.948054542177
0.915758060111
0.925785558054
0.922995712388
0.921210634538
0.914631859615
0.949928845989
0.958480260315
0.949851126358
0.950278181664
0.90082738339
0.939332178349
0.944220093614
0.921153381486
0.910718413744
0.929946994176
0.91647753001
0.911685239399
0.915274971235
0.931173303001
0.969165031935
0.857630653014
0.911933638745
0.980117515443
0.948552922751
0.913861111703
0.922188535867
0.918919803305
0.926404914836
0.914872001777
0.948898305459
0.95676805424
0.949015883167
0.950252595816
0.899600011077
0.927631204828
0.953145423074
0.934738551965
0.93612970184
0.9476841994
0.919591976989
0.91634449556
0.962232823074
0.94838147229
0.974657551497
0.843601497432
0.903553852677
0.965876522531
0.948010018741
0.916660393962
0.922572025541
0.919721230088
0.927941461295
0.917535925589
0.949066712614
0.957653228832
0.949083908686
0.948950066381
0.899925557552
0.941559640464
0.949743781273
0.888452092487
0.887513975268
0.903215475065
0.913276591507
0.90820151264
0.908679213249
0.903216763999
0.964503982245
0.847275715658
0.897628883736
0.963602536794
0.947357734613
0.912714481545
0.919573104107
0.905497173128
0.941024269607
0.912249187921
0.949271677892
0.958020235145
0.949256874157
0.949339082397
0.900683041897
0.932552360763
0.941330588194
0.91992516366
0.918101236108
0.926936463604
0.922271935204
0.915344588147
0.920211700035
0.927050415965
0.971877947875
0.849847214846
0.91671772234
0.971335341014
0.948533102079
0.916177866077
0.92655105707
0.924548804794
0.930093743298
0.920529724727
0.950610317702
0.958430713529
0.950286782758
0.950318121577
0.904301773179
0.932523118159
0.934347615794
0.942739788161
0.915865137793
0.949143254932
0.920529909934
0.917465894531
0.913237529615
0.957530587682
0.949731676153
0.85603560197
0.87399524567
0.984435612515
0.944110089037
0.919985244784
0.919997936022
0.930116607869
0.937656717089
0.917940956673
0.948289292788
0.95678697183
0.947930880388
0.949579872019
0.896598624183
0.939958467143
0.943849290052
0.949957567514
0.946097480591
0.947830608365
0.922785748297
0.921273390393
0.906733215701
0.959981395748
0.974111327748
0.843907392008
0.924003441845
0.968435031242
0.948306032363
0.914906482338
0.92204372927
0.919388187844
0.917542234278
0.915910109911
0.950333275489
0.958492813451
0.950372654408
0.951137334245
0.900946301291
0.937666548954
0.938500580847
0.939637978919
0.915808747139
0.942206255049
0.91524626765
0.912511730278
0.918690144054
0.943446748843
0.967059684881
0.862165143841
0.901221587893
0.980988305567
0.948344212936
0.914512754377
0.92186118303
0.913950043915
0.923066657983
0.913085039918
0.949883173944
0.958839483285
0.949837609149
0.94829674421
0.902853956783
0.915778598378
0.943398180963
0.917676986041
0.90624333579
0.928356797274
0.915704343516
0.91065006277
0.914869967308
0.926594650616
0.94722984347
0.854812132624
0.921025104766
0.975397910554
0.947684026045
0.915724035732
0.921376365775
0.923570274572
0.932615497878
0.914019861039
0.949001645256
0.957602229007
0.948982412845
0.945454821761
0.899135556733
0.944017325183
0.948128097309
0.895834453827
0.925166588864
0.927888170861
0.914426824187
0.914691904497
0.915628672498
0.933150118961
0.96790985306
0.846146709088
0.896551654824
0.972427422503
0.948177018011
0.913801941671
0.925243352334
0.913908273662
0.941444622841
0.916078689509
0.952511296903
0.957641190726
0.952455338398
0.94960921199
0.904593349854
0.892344341823
0.930983149016
0.921139077472
0.889233510644
0.946120321622
0.91651364274
0.911539585647
0.915898512247
0.936577806026
0.942832993788
0.848619684566
0.831610992416
0.968524201723
0.942153323711
0.916414390253
0.918474820338
0.919300331791
0.930074296287
0.917964139285
0.948749203367
0.957129392599
0.948375582715
0.948435014209
0.897459400094
0.946508545589
0.95357017903
0.915394231906
0.919303262606
0.926539409886
0.914287123264
0.909551154547
0.912145796443
0.923664142392
0.96395203922
0.845427380815
0.911277562777
0.977884961207
0.948075982009
0.914715130828
0.925631510073
0.927095453244
0.924294088351
0.914691729519
0.94871210966
0.957202926957
0.948782632011
0.94960486082
0.898722510008
0.932760444503
0.950999021925
0.929969642547
0.930462756078
0.937901281761
0.917687703182
0.90838185815
0.923788103288
0.942296686201
0.971931083151
0.844161166751
0.907873757104
0.977932137062
0.948275175907
0.917753808935
0.927095049532
0.927025902337
0.926422872954
0.917590647009
0.949260899837
0.957989741923
0.949083443203
0.950942385047
0.900655116113
0.942030266578
0.945861311109
0.941405289803
0.939492243092
0.94906619405
0.922779993055
0.91889714636
0.92406940318
0.952667135381
0.944381207792
0.846283718178
0.902969096337
0.969444894285
0.947679538634
0.9216576357
0.929841870177
0.932555737747
0.934731006899
0.922147949637
0.948268435809
0.956881004103
0.948640013496
0.949263886203
0.897516900282
0.934261288298
0.939974703622
0.925945369638
0.926091004542
0.933105864312
0.91528999582
0.911450510833
0.912251750455
0.934856403913
0.984376526097
0.843477078277
0.926526620503
0.97164310603
0.947726716976
0.915713219336
0.92752786992
0.913843491505
0.924660081598
0.913916944909
0.950530308832
0.957242387883
0.950484347227
0.943232308494
0.901247323651
0.933847390138
0.946295311811
0.79231909742
0.875901278122
0.86773774073
0.921400886234
0.899388589555
0.91351396005
0.918226413471
0.956099465297
0.860972803741
0.856693426219
0.962549290324
0.947545124893
0.916157897473
0.923286067929
0.935740827143
0.942036889078
0.915221921433
