0.974135254218
0.978422390401
0.97428195035
0.973778670031
0.967588796592
0.973887154603
0.976053042618
0.946038276351
0.95969143781
0.957407014234
0.956989223363
0.95646382416
0.9559719147
0.955924997494
0.947038952377
0.921789914313
0.96317401713
0.987332329009
0.97428917565
0.956425656275
0.959748825955
0.956831715749
0.965859741788
0.956285906395
0.97443075434
0.978877869332
0.9743682533
0.974435332426
0.968027710176
0.963232427542
0.980155910421
0.973109038413
0.974494154764
0.97457760592
0.960890409643
0.954271861748
0.960375165343
0.973504441138
0.955545082432
0.922852689149
0.975394596243
0.996866398586
0.974255376922
0.957963817699
0.96405319762
0.959284873057
0.956026980378
0.959718560716
0.974573443837
0.978874431162
0.974487319378
0.97447839363
0.968050472197
0.971245902235
0.97737086527
0.975077928222
0.980180250224
0.977890812907
0.961816917423
0.958887149513
0.96287513053
0.97280858765
0.970313216962
0.923925018033
0.966843231763
0.984168313744
0.974078846555
0.95891219212
0.965444106554
0.969186336023
0.958603472501
0.961326660593
0.974244009742
0.978433227417
0.974150349875
0.974330310913
0.967677016871
0.966357898697
0.97581147782
0.978633613023
0.979821287573
0.979090356794
0.961167474462
0.962170794336
0.956141137522
0.978491251746
0.964555583242
0.921987847068
0.966871382397
0.99425134199
0.974188724555
0.958797093657
0.965117832599
0.962290883854
0.956782103224
0.959828181978
0.974584850127
0.978704528364
0.974668219746
0.974129743204
0.968126218318
0.969215069167
0.973578575462
0.939667080715
0.965295845443
0.955801954746
0.958443591864
0.956480616376
0.955873743653
0.939204455282
0.940895501669
0.923878423476
0.949187347666
0.986314985726
0.974041718065
0.957330873068
0.960926300096
0.970159362219
0.970478983303
0.958885903877
0.974534332585
0.978385590976
0.974495656836
0.974355726465
0.9680269182
0.962635897071
0.975164159632
0.945474303922
0.963575957685
0.95939415922
0.957166700159
0.954974014622
0.957618301023
0.949080459227
0.940761554026
0.921727519142
0.943352450432
0.98226828527
0.973748017989
0.956695946614
0.960702450055
0.960132323615
0.96558071656
0.957294226258
0.974245827094
0.978509893289
0.974423370112
0.973993586367
0.96771495712
0.973236311281
0.973410837643
0.968894171503
0.977922869482
0.974716658458
0.960461707227
0.955776454295
0.9566360104
0.963790619048
0.952953846369
0.922343992735
0.961516101098
0.987113603309
0.974133160885
0.958331411353
0.964071386904
0.964667869249
0.958023661135
0.959481283593
0.974494608477
0.97849639117
0.974660353532
0.974167021758
0.968001132827
0.960992100842
0.973222394618
0.927622613748
0.966107079902
0.955625930374
0.956620843666
0.953971893363
0.954607876786
0.931453082768
0.937696297139
0.921658632093
0.938293356343
0.986843576239
0.97384777496
0.957019894964
0.960402470258
0.962692302351
0.966812772479
0.958141192689
0.974186398947
0.978362175383
0.974259986618
0.973918843719
0.967546400553
0.973794916068
0.974194665788
0.964105601415
0.97674796324
0.972992915788
0.95937180329
0.955801795467
0.955323931025
0.959153144352
0.945080101552
0.92171090292
0.955697258469
0.984329461738
0.974321538402
0.957040491523
0.96388131208
0.965235702826
0.96565477168
0.958614982829
0.974282859928
0.978293175982
0.974310725707
0.974852999779
0.967622056978
0.968763833073
0.974793699648
0.966905797887
0.97584189618
0.973603461305
0.958178283137
0.956133461628
0.957390142898
0.958278154395
0.946180224993
0.92167654643
0.957213525769
0.98432306084
0.973984994384
0.957443144779
0.96402271939
0.961104771329
0.955243886298
0.957652568282
0.974523931572
0.978879664446
0.974652866585
0.974913876425
0.968149531263
0.970291320242
0.977934310358
0.953505364705
0.967380922191
0.963311111678
0.956889159342
0.954690648862
0.957256041032
0.9507477119
0.948357799034
0.924604241918
0.955894428257
0.989954285615
0.97412020313
0.956852935639
0.961092819951
0.965831832853
0.968124493844
0.95774466581
0.974286462735
0.97829679618
0.974309255084
0.974450200923
0.967737624963
0.963208662117
0.969820555247
0.965198030772
0.975932140053
0.97421976725
0.95855682322
0.95569357758
0.956012284043
0.964062225996
0.946294534458
0.921586936312
0.951725428619
0.982804562381
0.974195240873
0.957460982669
0.963743003052
0.966123303553
0.959077182116
0.958428149191
0.974374545298
0.978451930083
0.974272834042
0.974656936943
0.967788221786
0.971159344035
0.973179274761
0.926863771687
0.952292121163
0.943644585209
0.957051296522
0.954711117529
0.955051839148
0.92694172663
0.948259529913
0.92195583551
0.948807890629
0.981711841222
0.973736393048
0.95676422128
0.959667131763
0.961218718224
0.966789403846
0.957558473486
0.974280737517
0.97856652829
0.974315981495
0.974472250689
0.967761311051
0.965967432806
0.975094578763
0.954987832866
0.965235116828
0.962064483599
0.959526981465
0.986012633498
0.956085388401
0.949061807281
0.957270969374
0.922306722718
0.958335260304
0.985608506339
0.974150512437
0.95763315464
0.96197523572
0.970247304941
0.965570452275
0.959451657439
0.974735757149
0.978597899308
0.974793731024
0.974148020156
0.96837509304
0.966802851007
0.976325133364
0.970444802841
0.976071951052
0.975309123255
0.960239137228
0.953384142602
0.956937588064
0.968447839666
0.940469214031
0.923593854688
0.93672651465
0.991948322549
0.972480154118
0.958008747517
0.963309469259
0.968064389801
0.96030848102
0.959587512075
0.974266211616
0.978394634055
0.974276901028
0.974373171907
0.96759483352
0.969650227547
0.972766403808
0.969353905823
0.974373244653
0.973626334667
0.95727280175
0.954501858005
0.957177062695
0.971663389942
0.950323186917
0.921636485614
0.961995923379
0.983728969397
0.974176119728
0.956758648445
0.963487627384
0.958478046238
0.949551814737
0.957457730187
0.974761132291
0.978988109213
0.974596704246
0.974887760304
0.968449805357
0.969137639763
0.969748433644
0.967677888873
0.975487210014
0.972835647837
0.957429390791
0.955158162211
0.95524415457
0.959934824678
0.94530867882
0.926275050879
0.950631338501
0.986734768342
0.974239184789
0.957530429594
0.962782271209
0.961783587084
0.956770384899
0.957324433904
0.974444672154
0.978715147252
0.974414583357
0.973743407149
0.968012681886
0.958056157397
0.970071586726
0.953442037928
0.965075341392
0.962467412479
0.959145086354
0.958051666391
0.956281364944
0.949260674419
0.943762257906
0.92327072171
0.960504130611
0.987632857716
0.973869756082
0.957690022465
0.961728948452
0.963671213
0.969358467954
0.958411456376
0.974408192878
0.978492052232
0.974318305469
0.972070425021
0.967827478664
0.97229206077
0.974529594414
0.943374396309
0.972554556167
0.966247688946
0.957063278647
0.961585920461
0.956741850364
0.955471896237
0.944786571397
0.921898266419
0.948252840307
0.986149709114
0.974276763514
0.95753013675
0.962091779764
0.962479998019
0.96825498956
0.958336394355
0.975882796502
0.97848859371
0.975897784997
0.973914229005
0.969801907146
0.946416362936
0.975929886657
0.959142679263
0.973113824604
0.973719500768
0.959329890567
0.958507904305
0.955918992993
0.95519369166
0.932221493489
0.922487008043
0.915798213309
0.984208381355
0.971794496349
0.958013110458
0.961471459297
0.963737288723
0.966449237236
0.958561599367
0.97430942677
0.978340176813
0.974411095822
0.973934413886
0.967692056886
0.973916056533
0.977483685699
0.950994477744
0.967609752327
0.963233178175
0.957509436205
0.957184567203
0.95701812301
0.948706879193
0.944914403123
0.921725081368
0.955633166048
0.988524256434
0.974074194477
0.957042194802
0.9616153824
0.962742184735
0.96661563946
0.957645816731
0.974366289952
0.97841815433
0.974385796511
0.974493716393
0.967741296134
0.965699459218
0.975689814433
0.95912356658
0.968679542683
0.967053338843
0.959361560344
0.958738809845
0.957700518854
0.960359077406
0.949263474141
0.921633292478
0.953932187982
0.988865382796
0.974163935486
0.958215538899
0.96280169367
0.965535169236
0.963471159619
0.959338692568
0.974436529645
0.978607063008
0.97455261187
0.973959221262
0.967885704777
0.971564572944
0.973661788771
0.97115984428
0.981371133248
0.97871368938
0.961562452775
0.956809315911
0.956139794505
0.971045384153
0.93754851224
0.92239116163
0.951489280485
0.984589422716
0.974006048348
0.959265522434
0.965854522206
0.967838931178
0.961005025404
0.9591722497
0.974158056642
0.978323949096
0.974311221854
0.974210725328
0.967571582597
0.967367084746
0.974943009815
0.956349233369
0.970318070893
0.966238876098
0.958301399849
0.959488685579
0.958306838383
0.954036364806
0.951509631644
0.921577629323
0.963257093692
0.985562741656
0.973994521117
0.958239105066
0.962461681986
0.962998462889
0.966150605369
0.959049750211
0.975143847983
0.978507575455
0.975212972132
0.972044907629
0.968828563195
0.96723972751
0.976308524458
0.842629493291
0.974767738568
0.93646600884
0.963501273707
0.947303846196
0.958141882855
0.939674198566
0.914472171219
0.929034072889
0.928146214673
0.981353806987
0.973864854567
0.960626610271
0.976855119556
0.962465432096
0.963427007558
0.958425189805
