0.981913220941
0.984776702821
0.981779625905
0.981598588557
0.981752858184
0.981689443219
0.978710612885
0.965356109904
0.974415709626
0.970525477998
0.96942764937
0.972359283654
0.966750082764
0.967531360688
0.950431167026
0.960784313725
0.970929862486
0.991141998617
0.981772035549
0.969118713967
0.971247189274
0.972743463698
0.976101002969
0.969338894201
0.981899230862
0.984967956238
0.982034708161
0.98193841047
0.981820981781
0.97447771324
0.982318972859
0.982733589264
0.980879206599
0.981803623136
0.971880626849
0.971008167215
0.970352348852
0.980176553945
0.956273862004
0.960818988447
0.982805419867
0.99746120397
0.981730566645
0.970191164437
0.973864088061
0.972929434397
0.974494185091
0.971044860973
0.982054770062
0.985042947626
0.98214222821
0.981573491667
0.981915004973
0.979833498596
0.983095452129
0.984150020548
0.986622912808
0.984802120375
0.972296839617
0.9712196561
0.970128963787
0.979605707112
0.966918633848
0.961171816627
0.976166546666
0.988716789332
0.981673838123
0.970997852777
0.975073352058
0.978675456952
0.976502830343
0.972070877013
0.981870622235
0.98485362109
0.981918693491
0.981508268404
0.98177056253
0.975698444995
0.983751120867
0.986454923847
0.984076427513
0.985074315696
0.97198696988
0.967754172106
0.969204553367
0.985673855226
0.967162210993
0.960808554768
0.974541010758
0.9956432544
0.981776315347
0.970225825362
0.974581542332
0.974914096076
0.970864469341
0.971693527813
0.981997020891
0.984950496876
0.982120147785
0.98191958227
0.981901725185
0.978270733696
0.982146426611
0.962412061444
0.979721071309
0.971752520208
0.970748308187
0.970258271538
0.984108969301
0.958131631092
0.937891029039
0.961090797624
0.964428952014
0.990235922671
0.981683822553
0.97002062767
0.972552565657
0.979110647313
0.978753325521
0.971396188094
0.98210592404
0.984793978066
0.982095733347
0.981988439217
0.981962915525
0.974116052647
0.979795233449
0.964910637108
0.977545016555
0.972926040102
0.96992187612
0.966351026633
0.97119584235
0.964602330763
0.943337781723
0.962346722782
0.963627204354
0.987386193296
0.981473669253
0.96964844297
0.972022973511
0.974284426039
0.97673246069
0.970420498581
0.98189493041
0.984834158527
0.981866614221
0.981469594666
0.981787444663
0.981058124565
0.981701280332
0.981101298627
0.985810416835
0.983174618566
0.971686961215
0.971278464823
0.968704155617
0.974824548442
0.953089143892
0.960832683222
0.970796139173
0.991121278658
0.981764614211
0.970558066953
0.97443767524
0.97606508193
0.977592263103
0.97120184502
0.982048477748
0.98486126041
0.98216817817
0.981824441058
0.981938059683
0.973848107955
0.980681005373
0.954600754269
0.978297159795
0.971825484866
0.970527636076
0.972871352151
0.966846112611
0.9537154542
0.933347422786
0.962072844358
0.959910178231
0.990675909689
0.981493539988
0.969975666048
0.971852249581
0.975111552104
0.976835088968
0.970901106145
0.981876783262
0.984743917968
0.98194166267
0.981519395725
0.981753794139
0.981353518469
0.981952004256
0.977930893953
0.984321713178
0.981810546736
0.97060579712
0.973655503043
0.968853001877
0.972166511995
0.947335044412
0.960822306457
0.965428221993
0.988875103714
0.981709565001
0.970056127074
0.973899485684
0.97631734673
0.978935383298
0.970593004431
0.981913894408
0.984787369719
0.981903136601
0.982081147262
0.981786824069
0.977555453368
0.98228536061
0.979440714546
0.983929093517
0.982465549645
0.97037557843
0.975628785502
0.968998663705
0.970160180209
0.947764118131
0.961136618564
0.96889242094
0.988738786205
0.981635078608
0.970382672402
0.973840865273
0.974983519239
0.976781900231
0.970922408005
0.98204358275
0.985044898993
0.981949176539
0.98231816231
0.981901741032
0.979380092873
0.982453512711
0.970096381662
0.979083542675
0.975361244136
0.970182370474
0.975923242704
0.967743161918
0.961589194415
0.94839646759
0.960837945871
0.96744895261
0.993003940003
0.981771396169
0.969564774572
0.972553128343
0.977457851002
0.977440216869
0.970506077577
0.981942312651
0.984735443445
0.981964385701
0.98187263916
0.981839849174
0.974423538318
0.982917459845
0.97805069759
0.982483533478
0.982394092219
0.97007455749
0.991169236802
0.973834076653
0.976441512369
0.945728984718
0.961436907597
0.963927872815
0.987881150783
0.981761264921
0.969783973376
0.973643735233
0.975819782489
0.976918393415
0.970679233641
0.981972987022
0.984782444969
0.982023143176
0.982228504329
0.981838076113
0.979905402624
0.979916042604
0.951305168555
0.971079963847
0.962515639868
0.970061123951
0.968456537041
0.970419268666
0.946618427658
0.946964340941
0.961376966572
0.966315539407
0.986976214745
0.981468001943
0.970194015029
0.971326927388
0.973799678611
0.976654651143
0.970512239287
0.981902701975
0.984840804757
0.981995026236
0.982004979265
0.981798487674
0.9757981079
0.98222337935
0.971440746264
0.977344122295
0.973855379903
0.971382288893
0.982998076292
0.970960170012
0.96342928206
0.955123227943
0.960857638981
0.968542094883
0.989730691039
0.981696743383
0.970170657188
0.972881279739
0.979408592144
0.977331430894
0.971375596489
0.982181400956
0.984813028311
0.982251307643
0.981570445204
0.982043549353
0.977029091528
0.979977175948
0.981054312062
0.983191296107
0.982515278096
0.971379704697
0.969127324031
0.970772899166
0.977706879915
0.944284646934
0.962260736813
0.970769445175
0.994283057435
0.980680002179
0.969757480767
0.973961341832
0.979066888565
0.977921411963
0.971073034776
0.981879715753
0.984794541918
0.981858400597
0.981973344033
0.981773505826
0.97804919496
0.98171623242
0.980156324307
0.982052186918
0.981639748482
0.969832145131
0.974166555295
0.968897442948
0.978436000346
0.955772791673
0.960934464427
0.971758235441
0.988326475489
0.98165172761
0.969615413458
0.973352109721
0.971745413743
0.966267678575
0.969309855531
0.982104687252
0.985033312779
0.982138540729
0.98222927582
0.981962518968
0.978357383667
0.982987788233
0.979412238142
0.983866382642
0.98187964069
0.970166255477
0.971351998506
0.969289440117
0.968058025366
0.948898905912
0.960815503591
0.96270395964
0.990440214104
0.981744887606
0.969857731799
0.973285238298
0.972353401416
0.978630531178
0.9700569942
0.981965193121
0.984923841892
0.981945744871
0.981437496731
0.981862621229
0.969918728734
0.980723260163
0.970189757246
0.978103581253
0.974897163804
0.97055410673
0.973463217072
0.964828472022
0.963363129754
0.941958735595
0.961073215503
0.974288020614
0.991153072052
0.981492060723
0.970234483249
0.972813194832
0.977179879425
0.9778362117
0.971032347228
0.981957715453
0.984844050116
0.982002340006
0.980132963528
0.98183651759
0.980526965221
0.982034767423
0.965287301163
0.98081824503
0.978034868913
0.970034103382
0.966934058823
0.973969433694
0.967919614206
0.945448354373
0.961168840849
0.962507550913
0.990111244907
0.981678371535
0.969802675592
0.972926316175
0.976835952284
0.977263960737
0.971032084404
0.98293012814
0.984837480705
0.982966247518
0.981453725146
0.98288040468
0.962761507053
0.972812948838
0.974377094889
0.983692850398
0.982629505511
0.970659538864
0.988054445944
0.969683089585
0.966414925622
0.930216888539
0.970375564201
0.951817046282
0.988810201959
0.980159491152
0.970608629525
0.973077199888
0.975451923541
0.978928953803
0.970954681982
0.981950916694
0.984780605202
0.981947266847
0.981594272881
0.981818569282
0.98161437323
0.981785105554
0.96872339382
0.980111677189
0.974873064555
0.970185571782
0.97410744604
0.968673630616
0.962150633832
0.944044800573
0.961297258103
0.968854490289
0.991902479035
0.981631777068
0.969770716694
0.97268637893
0.975184233641
0.977929256141
0.970611220148
0.98202943871
0.984850161706
0.981931330129
0.982129722573
0.981860245835
0.976213939692
0.981871590398
0.973854296386
0.978435197911
0.976860994022
0.971046610648
0.970891740445
0.970973703445
0.97090504131
0.951771274037
0.961582415015
0.968536840517
0.991997158331
0.981687445285
0.97068223159
0.973192749672
0.976359790348
0.976888582121
0.971418051562
0.98201108509
0.984895942662
0.981973784701
0.9813556496
0.981890493001
0.979734859742
0.981256727673
0.982547571962
0.98690213226
0.985733053954
0.971988950449
0.984031443253
0.971926345049
0.976446668547
0.937049610174
0.961349992643
0.964855236583
0.989080295623
0.98164895303
0.970630115341
0.975384679643
0.978555493812
0.978980327194
0.97141403863
0.981933757685
0.984742377054
0.981893169955
0.981719053344
0.981779395038
0.976891685709
0.982948353981
0.972040841406
0.980835857601
0.977686087829
0.970853383645
0.968317836599
0.968608234476
0.964483475427
0.95761996877
0.961113629657
0.975070087867
0.989760195099
0.981500838953
0.970389133055
0.973283314852
0.975664792881
0.977762764587
0.97133553764
0.982485928649
0.984881342483
0.982446983133
0.980170188575
0.982401521217
0.97728150167
0.980848830555
0.88945782527
0.986716709113
0.95985833046
0.975773853962
0.956269222831
0.980477695591
0.950920508965
0.910467805446
0.963080337427
0.967023270577
0.986533583987
0.981592045664
0.973107163118
0.974661229359
0.973470955188
0.974319926369
0.973231321208
