0.963660342823
0.969728425854
0.963435735489
0.963946565364
0.942392800288
0.963492112902
0.966192301691
0.927956642939
0.942146832477
0.939590280111
0.938324723289
0.936525680177
0.939345286327
0.946260882137
0.942422437395
0.88235312047
0.938254708728
0.981883998921
0.963469449336
0.937715563693
0.944455325068
0.948600806285
0.951647074438
0.938212921708
0.964260461622
0.970998887562
0.963913375635
0.963620963866
0.944549387537
0.948206703518
0.970099497317
0.963399531507
0.96470768149
0.96403884447
0.945920049535
0.937277709726
0.937503175539
0.970299361342
0.955387699868
0.882581572594
0.966721480809
0.995955334375
0.963475795168
0.942284666979
0.950706625901
0.947290499028
0.942491100216
0.945074613606
0.964225172296
0.97059565619
0.964292701828
0.963871132715
0.943641701449
0.959150098721
0.965835916262
0.965287611126
0.969763578887
0.966259340257
0.946608636758
0.945199604107
0.938366043776
0.969196811887
0.973237999959
0.883860663949
0.949240871713
0.977679375139
0.963407281695
0.942881127043
0.952176032353
0.954992446842
0.946758233565
0.946000526813
0.963717065402
0.969827362891
0.96383137155
0.962937579222
0.94290249425
0.952501473789
0.966336399737
0.969616884869
0.97202939807
0.968320983369
0.942275408938
0.940564897941
0.939186964843
0.975254974858
0.9652503026
0.882451323047
0.945789135179
0.992051610148
0.963530598695
0.943120939322
0.952390059934
0.942977670524
0.945882805479
0.943124068142
0.964385541511
0.970227561642
0.964400318125
0.963535170774
0.944224048939
0.956263898471
0.959225624698
0.914481598641
0.936210581418
0.933247360916
0.941622817679
0.943328259857
0.93939945925
0.924750675781
0.943196917793
0.883626859095
0.928913565438
0.980722242372
0.963147787058
0.939283584504
0.945178134334
0.952196693605
0.962187798472
0.941082732719
0.964158681862
0.96942851459
0.964220426542
0.963075458952
0.943267893006
0.947952019723
0.964785125804
0.927506064062
0.942670886764
0.941139632609
0.938943942107
0.940075523895
0.937427729269
0.940308278824
0.936312182642
0.888962235265
0.926503122754
0.97497417046
0.962712503409
0.938959524005
0.945559563469
0.943641367889
0.954689880256
0.939111188105
0.96379835285
0.969871381869
0.963687244816
0.962804034497
0.942754719024
0.961620596801
0.961063015702
0.951822053102
0.963710837482
0.959251572974
0.94234199329
0.942652966743
0.938000563536
0.954862535654
0.952414082534
0.882653126443
0.939668898328
0.982589744851
0.963452713313
0.942743914529
0.950536309394
0.948192984922
0.95154905173
0.94257629671
0.96413671994
0.969764116403
0.964093426017
0.963427527751
0.943384684892
0.944886513768
0.960218443498
0.900588985378
0.942933117256
0.932647711922
0.939052377348
0.940600085378
0.940061174002
0.922857672376
0.942330310793
0.88866893711
0.921351456685
0.981570886614
0.962621871686
0.938303612181
0.945044503232
0.946164983628
0.958718273552
0.94017947611
0.963637636189
0.969365349375
0.963468929973
0.963223445839
0.942224947364
0.962788103738
0.956670455281
0.947278401073
0.963991883667
0.957814927198
0.941424329215
0.93799989607
0.943435120508
0.952799756672
0.944545579837
0.882642103715
0.926890754109
0.977911273408
0.963594599173
0.940382781015
0.950638119178
0.947787710307
0.947746306453
0.942388793883
0.9637166534
0.969323234474
0.963427799494
0.964463015171
0.94227599824
0.955520864882
0.958260424741
0.952778805969
0.961508120587
0.958982373753
0.939933082525
0.93766689467
0.939325421051
0.950390917198
0.945720369147
0.883644581434
0.936698187043
0.978004967683
0.963310406472
0.940379252755
0.949869658323
0.947668988514
0.937801018177
0.940108306191
0.964280056321
0.970389482482
0.964239175284
0.964613949834
0.943985828827
0.957531689603
0.964729792071
0.937107074574
0.947318994958
0.947103461101
0.940861686621
0.936726236707
0.936099768297
0.93985785654
0.949024899383
0.882653718842
0.935524872316
0.985852306619
0.963456794986
0.938809845178
0.946354987169
0.947143266038
0.953573844043
0.939729498655
0.963600236543
0.969418351116
0.963587083123
0.964089157266
0.942752253782
0.949009886481
0.970606999802
0.951340445073
0.964906781849
0.961670599585
0.942737756279
0.940082564797
0.939133251558
0.959650602394
0.941879451351
0.885268312228
0.923601624823
0.975906407991
0.96333440294
0.9398881696
0.950593374919
0.949791795845
0.945664115841
0.941406652713
0.96379278317
0.969741933
0.963934700181
0.964464679479
0.943073273375
0.959314174508
0.965543655926
0.905745777646
0.924142129308
0.922411279826
0.938461980829
0.941840788251
0.934746289963
0.918714280005
0.942814136233
0.884684896763
0.931419057244
0.974176432556
0.962733455751
0.938447864425
0.942885328447
0.945925071677
0.958201985286
0.938961585816
0.96378856222
0.969920581066
0.963807748579
0.963910922997
0.943283436395
0.952659820824
0.964251963022
0.937386226678
0.946556687296
0.944568617635
0.944323543198
0.939187371439
0.941181111792
0.939730556313
0.958623649656
0.882982933254
0.935933895244
0.979706971246
0.96364151022
0.940117782233
0.947092637847
0.953278915566
0.95603379962
0.943472484018
0.96466762671
0.970015194067
0.964592058988
0.963881423129
0.944950499328
0.953047562777
0.960537364663
0.958296423321
0.961082677096
0.963685390092
0.943126677559
0.942628155584
0.937579459642
0.964762552325
0.935562751798
0.887822831745
0.945145696323
0.988905101276
0.960648975965
0.941913542136
0.947074427478
0.948842809826
0.951522671059
0.943153054126
0.963615186056
0.969365428103
0.963663360595
0.963828009024
0.942180854914
0.957062210101
0.956249623154
0.959468595536
0.964055819066
0.96060040571
0.938923079649
0.937183832458
0.937590283874
0.966061606203
0.943691314847
0.883320688284
0.94127598267
0.976771211023
0.963493806273
0.939209163454
0.950899324365
0.944157114129
0.938541761344
0.940759174663
0.964663236697
0.970556340849
0.964654138284
0.96470737071
0.944400636863
0.956745166259
0.95376517111
0.954430480162
0.956703778838
0.958956674018
0.93858576066
0.939127611497
0.936335087476
0.959910056936
0.940912799838
0.882464173449
0.9262243046
0.981778489964
0.963572710832
0.939627590841
0.947727719304
0.938400806466
0.944012236584
0.939519422282
0.964146229186
0.970297247355
0.963992898021
0.963023573504
0.944015029598
0.940734196229
0.96237812299
0.935375079067
0.944204484157
0.944390573618
0.94082577735
0.937917766075
0.93873123871
0.942929744963
0.940820086497
0.883398159429
0.948135507558
0.982608418793
0.96310979581
0.939942536781
0.945887976988
0.948454880626
0.957446090197
0.94075294766
0.963867003155
0.969797004663
0.963848888698
0.963645087864
0.943076927928
0.960990609976
0.964070088167
0.919241187183
0.958235297231
0.947514851315
0.939028520565
0.941803338606
0.938659834699
0.945517637613
0.94257127859
0.885147664597
0.926588696214
0.980619635365
0.963426368793
0.939484525778
0.947883452523
0.943817456995
0.959098162413
0.940144574344
0.966084372396
0.969894727493
0.966031125124
0.963560265092
0.94671891593
0.923588639871
0.968069718985
0.941874615253
0.947171422203
0.960372812384
0.940972239596
0.941667924087
0.933251912566
0.94977997422
0.932834901578
0.914079179677
0.912253491257
0.977706049731
0.959612872315
0.940826524647
0.943504876424
0.94402340342
0.950676828631
0.941477435454
0.963665276625
0.969547317359
0.963877372031
0.962872408806
0.942506866165
0.962484737205
0.96640215289
0.933144718192
0.948129455401
0.946091296186
0.940231359263
0.936860523265
0.935832057978
0.937746024259
0.94236374374
0.884090381372
0.935204998329
0.983909561735
0.963379018036
0.9394764269
0.947118476447
0.94620076101
0.954494107872
0.939329103833
0.96368021522
0.969562528143
0.963820148172
0.963940224898
0.942629997021
0.952780672563
0.966121673206
0.944275860545
0.956040196333
0.952221831734
0.942100949553
0.93613704716
0.938993881358
0.949598823803
0.951964667408
0.885055905023
0.931942539157
0.984310652148
0.963296920741
0.941003745211
0.948553797326
0.947806054476
0.946230653311
0.941937012997
0.96393158043
0.97003441256
0.963965824998
0.963858658998
0.943286137583
0.959293539567
0.963880299416
0.956856450942
0.970448100072
0.965293003001
0.944736901259
0.939534186927
0.940117309523
0.960285083106
0.935639430808
0.88546667675
0.928864924565
0.978316881409
0.963124200977
0.944108100716
0.952041353551
0.952450617845
0.950073730062
0.941221532266
0.963489216522
0.969391099524
0.963751588883
0.963525326526
0.942157511317
0.953944226871
0.963254035372
0.940766294994
0.953553215279
0.949337116503
0.941215784619
0.940284578149
0.939657507296
0.944182736331
0.945487863908
0.883455196352
0.945122991954
0.979741561311
0.963142424981
0.940231151032
0.947820321847
0.935344063093
0.952608579105
0.939187113332
0.964985659737
0.969784349315
0.965132347499
0.960215701779
0.944708806159
0.953722781798
0.964420801319
0.812438628691
0.936481944158
0.903753265411
0.946881074891
0.926697569749
0.94960667711
0.933090896714
0.923519736401
0.890274527473
0.937205587221
0.973364864134
0.963031767022
0.94219503984
0.946376052431
0.952042937179
0.953490497283
0.940678394316
