0.987174610355
0.989204574148
0.987227227685
0.987097480748
0.987082934158
0.987554983473
0.986844486576
0.980139852383
0.982810195332
0.979113831626
0.978370545058
0.977193548544
0.979930393698
0.977430033388
0.95620768307
0.976482846109
0.985301669861
0.993617232435
0.987085067238
0.978576523591
0.97984835416
0.981353402177
0.98682712868
0.978637589939
0.987196384449
0.989269880891
0.987186954606
0.987281260153
0.987112090288
0.984533056477
0.988660097732
0.990072672285
0.984939066093
0.986035378681
0.979838942677
0.993110635703
0.978176758024
0.978552501401
0.959380273956
0.976550446772
0.990124356965
0.997835127899
0.987115562711
0.979088834526
0.981153081863
0.982049747703
0.986962947367
0.979633784253
0.987255637773
0.989332378701
0.987207375582
0.987252856368
0.987170037372
0.986094281455
0.987344357708
0.99088141077
0.990017849108
0.988667912924
0.979768439186
0.977800118504
0.980366936796
0.978770420595
0.966583194161
0.976646662528
0.986771978121
0.992003446597
0.987056446357
0.979552494198
0.982230401205
0.985220807017
0.988320487395
0.979773468718
0.987147532942
0.989224902504
0.987156203345
0.986995151905
0.987092156036
0.986864985845
0.987086860105
0.992217676012
0.987077897247
0.988318022711
0.979703445084
0.978301437532
0.978512915967
0.978509110944
0.96957771925
0.976502176035
0.986749362659
0.996839076435
0.987075259329
0.979134547131
0.981366423882
0.982984924761
0.986300888739
0.979506936698
0.987261621657
0.98928245177
0.987211416526
0.987072438747
0.987152955698
0.985454698158
0.987685038396
0.978351640307
0.985837818688
0.980843013052
0.979575679983
0.976301251201
0.979173267196
0.977463659867
0.935763227142
0.976595781293
0.97968647442
0.993029759541
0.98699785512
0.979235032043
0.980963715118
0.985841139422
0.987934261157
0.980090642133
0.98733083137
0.989218939798
0.987353948563
0.987108362276
0.987219982358
0.986537301316
0.986557501853
0.979945266216
0.984420555893
0.981246974111
0.978948399487
0.979448940496
0.980125989817
0.977664448908
0.947342277287
0.976480806012
0.977486553611
0.991052846667
0.986912416053
0.978661985091
0.980366910235
0.982663394211
0.987216625024
0.979422255666
0.987160415008
0.98926353621
0.98718737957
0.987019133195
0.987097712805
0.986739933482
0.98835899993
0.98924404909
0.989517273053
0.987780603586
0.979751233562
0.991871323989
0.982577639322
0.978263322257
0.957155774874
0.976508070087
0.984580054616
0.993822157946
0.987009577115
0.979297933494
0.981525147718
0.984296352059
0.988648145202
0.97976755448
0.987279979653
0.989277854813
0.987350939754
0.986904333448
0.987196463869
0.985835708688
0.986724742952
0.974382162772
0.984253221732
0.980416323859
0.979274888803
0.982322990023
0.979650910003
0.977670857403
0.931540544521
0.976471251453
0.975485900147
0.99335467732
0.986879139111
0.979046148077
0.980392745282
0.983678085185
0.986953448428
0.979773062881
0.987190226817
0.989232468184
0.987172761182
0.986746852758
0.98708605214
0.987106509123
0.987839479199
0.987506507522
0.98809753746
0.986646368458
0.979235180837
0.980981890374
0.977004646817
0.977662686087
0.948996049832
0.976501968169
0.982289592943
0.992034050236
0.987054446222
0.97908743767
0.981312262527
0.983693909432
0.988266040993
0.979101400453
0.987216512164
0.989211140724
0.987235097714
0.986622983301
0.987108696331
0.987786547579
0.987336824019
0.988308207081
0.987801102475
0.987007585198
0.9791204935
0.990833514009
0.977292384585
0.97786865238
0.951698660569
0.976494195056
0.982775486464
0.991946803412
0.986980208976
0.979096703716
0.981237282593
0.983196464408
0.987719284616
0.979674204204
0.987234052635
0.98934293414
0.987258952521
0.986904771474
0.987140152743
0.985667483964
0.987426652824
0.982772995035
0.984809750388
0.982756576906
0.978966417925
0.981284787729
0.977235132566
0.977794951383
0.948241652444
0.976524411263
0.982397203959
0.994785811167
0.987116164419
0.978781706109
0.980587796234
0.984514980367
0.98724292559
0.979515005743
0.987250434129
0.989190833425
0.987253094322
0.986818045397
0.987142672162
0.986355603056
0.985306457511
0.987608336401
0.98619043601
0.986777844016
0.97893394319
0.988722219891
0.978840936387
0.978175948395
0.946312682728
0.97647175696
0.980675832734
0.991490938959
0.987074963122
0.978897480046
0.980930592286
0.984070420453
0.987884591118
0.979258233788
0.987199227249
0.989229061699
0.987214015242
0.986579279148
0.987137506449
0.986120438081
0.987115007236
0.971392420665
0.980940618282
0.9750185527
0.979236319744
0.982601778128
0.977198682866
0.975788724578
0.948048603007
0.97649769605
0.979422353019
0.990735783382
0.986827549292
0.979192371679
0.9804534167
0.983245511806
0.98677126297
0.979958389059
0.987240664626
0.989268679765
0.987168982691
0.986924201036
0.987108606327
0.986019046111
0.987733720729
0.98350467052
0.983925277554
0.98122604634
0.980300766358
0.984284968477
0.977474912452
0.978804593266
0.953062456547
0.976558735725
0.983344697115
0.992764867402
0.98706950418
0.979201931024
0.981018729218
0.985473298033
0.987817045091
0.979900224843
0.987331015221
0.989207344363
0.987218350328
0.986680080772
0.987252261844
0.984118892983
0.986282353724
0.989062236985
0.986974295987
0.986796171162
0.97947750827
0.976607590559
0.980923369587
0.977497486451
0.947675765673
0.976562851727
0.974993330278
0.995740997093
0.986486561789
0.978994668115
0.981321618609
0.985261072862
0.987864161039
0.97936901272
0.98718388701
0.9892278857
0.987165398302
0.986874378386
0.987096816596
0.987975628047
0.986417670185
0.988649523772
0.986664309295
0.986347635884
0.978466465588
0.981788477842
0.97673381216
0.977325410592
0.964242427358
0.976473364235
0.984792650109
0.991623264278
0.987074484028
0.978711571244
0.980863914788
0.981154849507
0.987278438988
0.978772089938
0.987236839816
0.98933881041
0.987274380859
0.986737867381
0.987144242866
0.985441418041
0.987753961936
0.988055512596
0.987785524693
0.986735497578
0.979056945366
0.981264536035
0.979271830063
0.977908391274
0.955407247749
0.976507610599
0.98021246159
0.993237557062
0.986980214984
0.979093160759
0.981033223415
0.982808660911
0.987888289679
0.978759126961
0.987204000501
0.989305371518
0.987171993877
0.986771748165
0.987132781843
0.985108384957
0.986953324855
0.98261425039
0.984407016973
0.982077373423
0.979681434341
0.97724941516
0.976988395929
0.977803588001
0.941325016943
0.976537740732
0.984268629505
0.993674595951
0.986878558539
0.979047569558
0.980941923633
0.985271160875
0.987522230805
0.980291603188
0.98717066399
0.989274087913
0.987208248623
0.987029337883
0.987130142129
0.986496893389
0.986878562513
0.980616478535
0.98564473079
0.9840721831
0.979214573059
0.980053125245
0.977112238393
0.977802551969
0.945631980625
0.976496288083
0.979301989135
0.993053933147
0.987090994273
0.978874599838
0.980687144887
0.984165215111
0.987206101458
0.979469510265
0.987927862501
0.989261235869
0.987925612202
0.986704795909
0.987849981605
0.982288159072
0.982698859516
0.985434853382
0.988108191398
0.987510256605
0.979812734241
0.978437783261
0.986286295745
0.978100466249
0.930525606838
0.976501056467
0.966740782448
0.992096543783
0.986108338016
0.980124257922
0.981296276969
0.98303814134
0.988208059651
0.98027080294
0.98722914123
0.989243252807
0.987180136764
0.986894306004
0.987128469161
0.987345586001
0.98812231066
0.982059518419
0.985934191736
0.982166063249
0.979424369664
0.977596446205
0.978259482763
0.97765791213
0.94654542536
0.976475839825
0.982163880604
0.994053334751
0.987036259441
0.978981451464
0.980882682993
0.983151395854
0.987561720997
0.979629405068
0.987259909252
0.989259096234
0.98723312405
0.986851350486
0.987160332426
0.986921593121
0.987682293032
0.984985002353
0.984509506803
0.98287655798
0.979969982465
0.990700751487
0.979062516911
0.977689373059
0.953737270832
0.976475756513
0.981653747947
0.994242793528
0.98702754593
0.979251779857
0.981134846255
0.984542416335
0.987223987153
0.980417963748
0.98728994417
0.989314026626
0.987319614994
0.986783197288
0.987169761331
0.985945199431
0.987407607855
0.990089556164
0.989671246598
0.989183774551
0.979979846034
0.987751494172
0.978022649614
0.978192650434
0.93805687874
0.976652931808
0.980588082101
0.992195724881
0.987033374283
0.979477016389
0.982127565033
0.985541612726
0.989176621915
0.980159396315
0.987207139158
0.989260943708
0.98715672406
0.986735130007
0.987105705993
0.987288726382
0.987716858843
0.983887478593
0.986267193424
0.984102328344
0.97970620892
0.985284835727
0.976790631889
0.97787468321
0.966696994539
0.976471153752
0.98521151381
0.992661787613
0.98695739837
0.979493875376
0.980965840504
0.984235846066
0.987748486336
0.980523090915
0.987560769698
0.989275344345
0.987578362842
0.986185316209
0.987526620752
0.984512779261
0.986655789812
0.935479958072
0.991310339142
0.968154760206
0.982959553856
0.97125881755
0.978819196398
0.976309337953
0.904113147854
0.978444115443
0.971069954721
0.990461770331
0.98697652639
0.981786734119
0.982499047608
0.981958098656
0.985136738205
0.982782688561
