0.999661968837
0.99976442908
0.999659507049
0.99965775623
0.998979994878
0.999653753608
0.999664055308
0.998848859325
0.999144710873
0.999142871506
0.999039716445
0.999035518827
0.998980216853
0.999290224497
0.999140139857
0.996989362336
0.999229267398
0.999918100475
0.999659312363
0.999009916388
0.999232339411
0.999147412023
0.999253998396
0.999022800142
0.999675448304
0.999787692204
0.999674094154
0.99965806962
0.999087132923
0.999325427054
0.999819159705
0.999693139191
0.999550748463
0.999703348041
0.99925017855
0.998988585359
0.999067334661
0.99974892297
0.999347512045
0.99727005636
0.999700625209
0.999995293405
0.999658313809
0.999171165461
0.999361781314
0.999201885601
0.999256706618
0.999219761419
0.999672433298
0.999778825894
0.999672893639
0.999663965333
0.99903688676
0.999572216411
0.999658742243
0.999719515929
0.999681500536
0.999716517781
0.999307207257
0.999114561378
0.999012391042
0.999751055742
0.999651230638
0.997178580188
0.999416849468
0.999871939333
0.999657045254
0.999183168632
0.999394382159
0.999524766682
0.999358627259
0.999279064686
0.999664053623
0.999767358369
0.999662756237
0.999641623841
0.999007375284
0.999426141115
0.999648713178
0.999779615454
0.999699075813
0.999721188907
0.999202195728
0.999144924656
0.999000002477
0.999822858779
0.999578025239
0.997049246729
0.999388274189
0.999983472585
0.99965797968
0.999165563746
0.999332372495
0.99909373301
0.999222813486
0.999160913521
0.999675799959
0.999774328066
0.999674421996
0.999659798301
0.999062976024
0.999507426151
0.999561667958
0.998339776183
0.998802536921
0.998984683386
0.999116927654
0.998929544009
0.999064804476
0.998634909891
0.998938415029
0.99723646344
0.998699221159
0.999904115207
0.999652158129
0.99906888657
0.999208632171
0.99940640469
0.999624666155
0.999120546321
0.999670444924
0.999761947248
0.999672181041
0.999666551429
0.999017221787
0.999316102591
0.999694890053
0.998826807118
0.999102323018
0.999199268858
0.999050646933
0.999007381922
0.999015166338
0.999139712636
0.998825692843
0.997052184868
0.99846042012
0.999839597336
0.999643968479
0.999036209406
0.99923428852
0.999262642502
0.999286826493
0.999049909634
0.999664263127
0.999768286609
0.999663553908
0.99965236928
0.998998242721
0.999624445534
0.999619137724
0.999403526693
0.999573278204
0.999591468023
0.999147109189
0.999072142927
0.999045250394
0.999516742379
0.999273120552
0.997038680404
0.999197309691
0.999921582751
0.999658758248
0.999147855926
0.999332078979
0.99929491229
0.99937154971
0.999145173437
0.999671226888
0.999765935928
0.999672057799
0.999659162577
0.999026219615
0.999235440535
0.999549005028
0.997774744106
0.998961640844
0.998982949076
0.999048491214
0.999112297305
0.999008136431
0.998467918945
0.998842585012
0.997054866149
0.998189767635
0.999918870213
0.999642298122
0.999047264713
0.999218995422
0.999297311095
0.999583883639
0.999076990107
0.99966033682
0.999759681872
0.999658299143
0.99965821222
0.998983656598
0.999641695125
0.999591789127
0.999338545005
0.999586462002
0.999580683025
0.999127299097
0.999059198656
0.999005233243
0.999436488091
0.999024980676
0.996949122698
0.998897635149
0.999874951875
0.999660484874
0.999097395464
0.999314659227
0.999377386385
0.999341585687
0.99913354153
0.999661803313
0.999759564267
0.999660930827
0.999677620523
0.998970351544
0.999505972462
0.999570436077
0.999481676104
0.999568065119
0.999600759989
0.999088578839
0.999037752976
0.998937716682
0.99942206952
0.999008905903
0.996972705217
0.999044155139
0.999890130491
0.999654182765
0.999088724093
0.999315278286
0.99926648322
0.999155338897
0.999078793735
0.99967472503
0.999776161161
0.999674267123
0.999679989623
0.999042182341
0.999537147387
0.999648876082
0.999105360107
0.999174570911
0.999341445533
0.999096209764
0.999021955791
0.999031123337
0.999156731261
0.999235473103
0.997234501332
0.9989927517
0.999948900273
0.999659327402
0.999047331148
0.999234261275
0.999253649833
0.999387522552
0.999076963753
0.999663567628
0.999760210244
0.999664432923
0.999674587247
0.99901484684
0.999336470246
0.999703806832
0.999439517153
0.999577471018
0.99964575056
0.999153236803
0.999156192922
0.999457701568
0.999562414674
0.999157805993
0.996969604369
0.998733709358
0.999850516942
0.999655181906
0.999092014439
0.999285020633
0.999275585513
0.999305521436
0.999123445028
0.999665914799
0.999767116382
0.999666508081
0.999668798262
0.999021790997
0.999570122827
0.99966915549
0.998024505641
0.998552495733
0.998637881794
0.999042197888
0.998997331007
0.998940804395
0.998363020729
0.999158678517
0.997039447636
0.998719270919
0.999829239695
0.999645007786
0.999034380746
0.999169094646
0.999052377593
0.99953378646
0.999040978459
0.999666856402
0.999770375955
0.999667067901
0.999668246204
0.999033102188
0.999422558441
0.999615900328
0.999110570524
0.99923640884
0.99927992377
0.999207122949
0.999232935416
0.999133144278
0.99911790464
0.999434730189
0.997065942972
0.999071076428
0.999894271494
0.999659926851
0.99909184812
0.999289878335
0.999378484417
0.999426665976
0.999181207148
0.999682230203
0.999772966175
0.999679924062
0.999672028421
0.999095529673
0.999428518739
0.999535839496
0.999578644324
0.999363800512
0.999669606046
0.999181678116
0.999088709908
0.999041098033
0.999666341141
0.998937350589
0.997279980918
0.99838803528
0.999968183432
0.999604084476
0.999147003496
0.999234380952
0.999393032469
0.999441264455
0.999149296072
0.999659166628
0.999760556402
0.999656891852
0.999668962872
0.998969187979
0.999537225288
0.999581459619
0.999628993715
0.999645839114
0.999636653395
0.99914724559
0.999126011103
0.998945873587
0.999699996925
0.999368738969
0.996944053663
0.99922626986
0.999867235915
0.999657652389
0.999061861223
0.999279164057
0.99917354629
0.999046087983
0.999088302003
0.999680139543
0.999777155372
0.999679948204
0.999685442808
0.999048215586
0.999511222387
0.999518822936
0.999515050959
0.99934031126
0.999585466416
0.999067605599
0.999038081847
0.999071272091
0.999476181705
0.99919516894
0.997331913643
0.998715439144
0.999933419592
0.999658573025
0.999067182983
0.999252762677
0.999092503155
0.999237623408
0.999048737327
0.999673283786
0.999777008897
0.999672050247
0.999652765771
0.999068031294
0.999107572555
0.999599369038
0.999053305102
0.99908414541
0.999299820713
0.999103288486
0.999019765343
0.999029038786
0.999136467454
0.99892437434
0.997180248372
0.999246225862
0.999922015841
0.999649729011
0.999085555406
0.999227616923
0.999301761807
0.999474970083
0.99908320794
0.999665860366
0.999767352813
0.999665509191
0.999626941389
0.999011469151
0.999604107444
0.999660976481
0.998534212368
0.999426401256
0.999349764052
0.999059799203
0.99909833916
0.999076997146
0.999276230138
0.999119709653
0.99702193264
0.998637200279
0.999902518629
0.999656878998
0.999057137626
0.999282459154
0.99915574608
0.999550859609
0.999098950544
0.999707352889
0.999767919819
0.999706887718
0.99966474924
0.999120648325
0.998544765482
0.999510466729
0.99919726809
0.99892906407
0.99962814052
0.999115173787
0.999103240833
0.999035666011
0.999327975929
0.99854017096
0.997503852103
0.996919407476
0.999872680706
0.999579336951
0.999106365903
0.999179966329
0.999216086216
0.999402623043
0.999133159694
0.999662933769
0.999763079154
0.999661661056
0.999654227223
0.99898397915
0.999639680364
0.999717924039
0.998986008939
0.999282634937
0.999298590834
0.999071517008
0.998996347749
0.998998714014
0.999056385522
0.999097479645
0.996989922375
0.998986190439
0.999935136232
0.999655057566
0.999064844019
0.999278204746
0.999305638413
0.999367734315
0.999071893737
0.999663186022
0.999763942407
0.999664122311
0.999670404681
0.999002308446
0.999426892362
0.999694389172
0.999299547089
0.999440803803
0.99946731197
0.999138860784
0.999000612815
0.999166539767
0.999418857952
0.999329555205
0.99697917066
0.998904090801
0.999936874948
0.999656452447
0.999121506628
0.999310744508
0.99933621319
0.99931627595
0.999139010251
0.999668338053
0.999770948105
0.99966766078
0.999675003064
0.999033610033
0.999574391799
0.999640213364
0.999568109709
0.999658697108
0.999697545396
0.99922741735
0.999172883686
0.999170105485
0.999623864904
0.998747468169
0.997036051048
0.99878022151
0.999879519818
0.999650887833
0.999192710028
0.999383944844
0.999436897258
0.999415774208
0.999180204909
0.999658216281
0.999760936936
0.999662352351
0.999663987789
0.998981444684
0.999457384798
0.999601611471
0.999210243818
0.999400926848
0.999409175452
0.999098318859
0.999056189895
0.999034030476
0.999257642895
0.99943959469
0.99693753702
0.999298839116
0.999895378492
0.999650771729
0.999092607185
0.999308095062
0.999086303053
0.99935755362
0.999074842108
0.999685633137
0.999765395953
0.99968617584
0.999591813389
0.99905766156
0.999447874332
0.99965231931
0.992098195795
0.99865565395
0.997789452945
0.999258567832
0.998610173754
0.999166472233
0.998824372436
0.997863337699
0.9974710656
0.997911923117
0.999819287544
0.999648781811
0.999141670323
0.999322353479
0.999413458322
0.999487968965
0.999110467848
