0.92384291851
0.947568653024
0.922948600342
0.943165818261
0.923736915699
0.993877022074
0.970150219964
0.88300857936
0.920797532785
0.917446044973
0.892116189607
0.89773978492
0.931650857843
0.983409145178
0.936078415187
1.0
0.987075730457
0.984378282012
0.945526394008
0.881362158942
0.884166798412
0.867637557039
0.933008597842
0.884675294624
0.937335857575
0.92223477565
0.92264040461
0.83940619304
0.932931316899
0.795824344803
0.740994692224
0.806046739676
0.871904650076
0.841995707352
0.737231473884
0.921107068634
0.71606137633
0.846776454962
0.549503286596
1.0
0.690466755876
0.931048291766
0.877411310928
0.802932899864
0.824427347022
0.693830173336
0.862226032833
0.801213676839
0.558680275343
0.642076605993
0.64101277888
0.61804846448
0.559041224448
0.797466541709
0.644887970225
0.649789116167
0.749931427174
0.916806817037
0.818597410122
0.900734583008
0.680197277208
0.757243927385
0.683493387047
0.998426073036
0.810639143799
0.567929617042
0.557876155989
0.828181644959
0.636280033071
0.629939013729
0.645120088104
0.750850468729
0.919374290027
0.933017761638
0.918960543575
0.953659325613
0.919580806936
0.990697988741
0.861120432197
0.852458527997
0.919572089854
0.94148807504
0.903810350516
0.936512307729
0.888946991245
0.951910970433
0.962641176747
1.0
0.86931680106
0.97389137881
0.910239391318
0.896593109677
0.896014942743
0.906206686136
0.939949870599
0.905370878665
0.968005670636
0.973518188851
0.953974112016
0.96888350653
0.953754992745
0.922890650717
0.937243771653
0.946806614449
0.961705418064
0.915223231997
0.95164127869
0.968213977594
0.952163449637
0.98668879873
0.810037216976
0.98925247591
0.983834412358
0.938529033142
0.952164000557
0.947307171975
0.951192433976
0.948262357575
0.969109905452
0.948489948168
0.882052423898
0.877989217938
0.906540316804
0.927554249684
0.87663981133
0.99018923129
0.888004367171
0.662955866688
0.869920606572
0.887811851645
0.870902648389
0.95478993667
0.827622693848
0.968386296894
0.838889703815
1.0
0.961755908996
0.910328383374
0.911464066537
0.860699231811
0.870997383602
0.889685702986
0.766847358295
0.875017735774
0.961480143757
0.96863175025
0.961674118661
0.97042383113
0.961524407223
0.992307316696
0.810678311224
0.823048584953
0.873935141727
0.829215446354
0.82090981098
0.976922632321
0.930258094887
0.82531540595
0.804859620582
1.0
0.909566955708
0.956575051936
0.960651926242
0.827462224002
0.946829415337
0.954905913615
0.975895857051
0.892266703262
0.938976649483
0.977750074962
0.938696960036
0.930912227144
0.93893870366
0.935126200417
0.980434812822
0.945758599116
0.938349459479
0.952213785735
0.960951848315
0.93594852285
0.965775356495
0.990286152713
0.945622738766
1.0
0.952252457119
0.960211889454
0.962949613115
0.932623650983
0.964146189283
0.944280256837
0.981351286767
0.960433072954
0.967576247118
0.973646104046
0.968033725823
0.933317930269
0.968379373557
0.970614867472
0.960800859808
0.968762594407
0.955278553589
0.842216125983
0.94294638341
0.973118108882
0.96255542085
0.982320995884
0.942001504864
0.936546290196
0.996110128679
0.94387112919
0.93531453694
0.945979359495
0.949792283124
0.956547485179
0.978511082211
0.938512052299
0.927587466642
0.711099930704
0.877702397997
0.951107308322
0.925320070167
0.991821534221
0.51684253995
0.958502134592
0.900106134009
0.944048724879
0.867741831726
0.966653924052
0.865482855791
0.979719289086
0.847616347111
1.0
0.985013775282
0.965894475739
0.710832312355
0.900852885954
0.702019028924
0.920525390151
0.857133125937
0.882170847919
0.902448990062
0.931068511771
0.965847425571
0.901426661119
0.928609891521
0.994011949284
0.966320114224
0.958064078508
0.930466546376
0.871439399605
0.940563341259
0.898431355377
0.907313540245
0.983775438353
0.912544292584
1.0
0.976830950303
0.959510219553
0.928368732266
0.895390477845
0.895912144818
0.942931996717
0.961990400793
0.922839107214
0.95666035327
0.971714567658
0.968031272221
0.954850510858
0.970007405528
0.81827542027
0.701570458499
0.912711852804
0.905405791981
0.909726644072
0.836593936382
0.919017540729
0.845459080825
0.984806469443
0.794808247772
1.0
0.964370528739
0.881940163202
0.968753089527
0.891186829717
0.928542416778
0.950327378384
0.888325282669
0.82195373023
0.95327994931
0.955946511953
0.954446409808
0.949830302721
0.974525526825
0.942858429225
0.824133413584
0.933228316615
0.940442884936
0.946559281327
0.95182516425
0.950248366582
0.929550616946
0.989553403543
0.892693310274
1.0
0.945560704566
0.98926450607
0.964518930504
0.939084721805
0.955395782798
0.897803181994
0.926924071304
0.956060601921
0.904658720996
0.959317796453
0.943312925964
0.960145877276
0.903604682338
0.993336505156
0.947956709036
0.953995841689
0.940731587854
0.89503455426
0.83770456635
0.962844138585
0.937431377262
0.985687083191
0.955302420921
0.999989655908
0.814161216425
0.914246267624
0.904939550477
0.888773047256
0.891843705309
0.954465845966
0.816384888377
0.878979584272
0.987219412024
0.988899853024
0.987052145869
0.976890132864
0.986976073792
0.95807308706
0.959129934599
0.976745833906
0.980028210024
0.975721355224
0.94214809456
0.992543659592
0.949920192196
0.973097052891
0.911338562579
1.0
0.980229739984
0.986321078426
0.979114118298
0.958689582296
0.969767590032
0.968765114861
0.926614352848
0.947352590075
0.894506918473
0.736012213411
0.89534318767
0.822881068173
0.893521998926
0.990427894238
0.95297332473
0.690466243076
0.935778636211
0.73379219734
0.90752740682
0.72469935695
0.852741238682
0.959205979567
0.891607241584
1.0
0.9542337659
0.788325844437
0.896100964555
0.881495261894
0.727610502294
0.686400263146
0.756671915477
0.741730776624
0.940087731025
0.948660272652
0.93942982489
0.95354264333
0.938520079359
0.929111972252
0.868650791653
0.859919202629
0.897109892185
0.919957398285
0.818217640845
0.919803885537
0.868991302944
0.968536744504
0.9146074632
0.999964917295
0.92759607537
0.859799669302
0.948846610717
0.913362188844
0.895390118981
0.946430825391
0.937232454596
0.803091763901
0.918354038014
0.769303719842
0.767889443828
0.917260046478
0.920528075292
0.815031715899
0.679266819884
0.884832871908
0.956512346691
0.908063954455
0.929662848158
0.908022498206
0.940469204637
0.980523142703
0.723099650897
0.999947530164
0.970152676549
0.98409063985
0.918011184785
0.837479412658
0.835710757946
0.827254573981
0.958710798453
0.903311040059
0.954740331427
0.96284273993
0.95477371822
0.976427111464
0.955565325595
0.867503708163
0.757371297589
0.904856276522
0.900795708749
0.960118893992
0.954070301821
0.977721082002
0.924648325826
0.988435586877
0.907870804146
1.0
0.909974243761
0.87631912882
0.955582396444
0.933661996412
0.937916375047
0.869318400685
0.94930218
0.868563865609
0.974147823405
0.946255810578
0.960984594825
0.982885702266
0.969455515977
0.98496529834
0.913215987855
0.972746429704
0.975666697027
0.966643859697
0.958421650457
0.974401771737
0.972625721652
0.991840392626
0.848999755985
0.937999693823
0.999282001921
0.979414297752
0.946028987748
0.94335829413
0.965690648549
0.946942153277
0.986476866485
0.956117003691
0.975280199806
0.978011017252
0.974969683157
0.942797502509
0.973395298725
0.939221579846
0.940246296576
0.94390319033
0.963998687955
0.935197244045
0.943439944887
0.980811019998
0.953950294237
0.985610836605
0.914221674953
1.0
0.99325662822
0.9747048686
0.978376889738
0.951251004312
0.953664083814
0.924403076985
0.962550911336
0.93625207411
0.928647614928
0.93448141829
0.926275309974
0.953733862556
0.929064038258
0.990787658537
0.95790082522
0.857200205617
0.916182125677
0.918565486235
0.908212337371
0.934310836165
0.860535358185
0.97486001087
0.768798748998
1.0
0.946758706841
0.974479158527
0.92586851167
0.905943100969
0.912026644428
0.921917550511
0.91802799198
0.877899505628
0.947483265553
0.952101678764
0.948390178256
0.949787237521
0.948561815102
0.952007803266
0.937805795208
0.954696678679
0.880091401205
0.950952715339
0.94749310023
0.942475911208
0.946995104185
0.983404377751
0.81345518559
0.953607063266
0.992729339807
0.922159417155
0.945572966646
0.932562100168
0.948592760507
0.938702266743
0.975157141538
0.939259868871
0.806196189015
0.957973205077
0.805792852204
0.964231042336
0.851000365491
0.991189537962
0.804517369358
0.863402422193
0.942425093382
0.944629244689
0.925044236724
0.964134993518
0.898184228732
0.975358842685
0.877631021021
1.0
0.990720882331
0.890832952085
0.945951210878
0.923844076512
0.927190213961
0.946884000987
0.938800415304
0.923690267879
0.905233234231
0.907942207604
0.888536737994
0.991529773189
0.887919767443
0.980329982037
0.985312302081
0.980296751884
0.952617044769
0.815027585509
0.973668866331
0.970134979017
0.942930776536
0.996385565508
0.908322557378
0.977244038365
0.997389307865
0.867932225625
0.9845920172
0.949470227186
0.973715455101
0.814114170384
0.995193241304
0.981335814076
