0.995828617411
0.997040720333
0.995863328602
0.995804634999
0.995768437494
0.996061074234
0.995670089573
0.989335050539
0.992296757273
0.989003610026
0.988131517557
0.986438898157
0.98967091058
0.987077678182
0.949603177206
0.99821395134
0.994436843641
0.999711699064
0.995777381595
0.988411802932
0.989757303955
0.991115034864
0.995477876214
0.9883503119
0.985612851894
0.989784104292
0.985684624316
0.988172911105
0.985421223037
0.979071490796
0.989191788356
0.992062847662
0.979507462825
0.983722551261
0.965365872551
0.993578956579
0.969108947575
0.96660322169
0.914562144584
0.996593090982
0.994387023818
0.999688425783
0.985911271174
0.962965517186
0.970306508666
0.977139142175
0.982721716606
0.965212270035
0.990962860289
0.993598024462
0.990922690299
0.993307545829
0.990818122779
0.99011603388
0.99143253065
0.996315592928
0.995761757125
0.99465764991
0.983142719975
0.983332398623
0.987688707195
0.981648048567
0.944445640053
0.997410364208
0.994339284242
0.998900113058
0.990435705226
0.982442341964
0.985528936626
0.988499872247
0.994719436165
0.983401270407
0.992986885126
0.995059931316
0.992977060812
0.993354526215
0.992934027065
0.992530203545
0.992951665764
0.997317191778
0.992048180219
0.993781736238
0.981355649042
0.985456469649
0.981537090683
0.980524529299
0.969116965415
0.99741865171
0.994302301473
0.999668008475
0.993413456205
0.979876542956
0.984685458073
0.988444672565
0.991467319318
0.980570162362
0.997820870885
0.998458480276
0.997804725706
0.997835266028
0.997784083814
0.997127074542
0.997974717478
0.993644890858
0.997291414716
0.995187071923
0.994549968409
0.991475292996
0.994510025396
0.993123683266
0.94521148614
0.99689025238
0.994362873071
0.999387978333
0.997842393547
0.994307805956
0.995175860857
0.997333204258
0.998071726951
0.994770779208
0.996599171227
0.997568094067
0.996627673548
0.99667136164
0.996538350976
0.996518700476
0.996575982106
0.991920375772
0.99462142172
0.992590132029
0.990709563688
0.988901487428
0.989415985624
0.991549182781
0.96520567443
0.998578959623
0.994050647973
0.999697454422
0.997091423625
0.990222756715
0.991712538014
0.993508333383
0.996855789295
0.991218107137
0.996153522201
0.997307868411
0.996165639586
0.996255069189
0.996118913544
0.995915081601
0.996859841151
0.997428144595
0.997534254119
0.996754045375
0.991079434026
0.998374343467
0.992986457389
0.989978875559
0.958618623149
0.99799620899
0.994379385913
0.999625146063
0.996112486302
0.99070357112
0.992353758737
0.994320941192
0.997209075423
0.99105974473
0.998584172645
0.998995088725
0.998597637611
0.998554074097
0.998564901945
0.998270803595
0.998447336678
0.994091666089
0.99775150886
0.996634291226
0.996226670308
0.997632666223
0.996630605556
0.995708034741
0.957156348268
0.998692710692
0.994528551134
0.999701958797
0.998525512607
0.996121243267
0.996602621977
0.997666842701
0.998491029112
0.996373084588
0.996985623358
0.997871706436
0.996975884985
0.997037024792
0.996938922609
0.996971508816
0.997386294276
0.997372302281
0.997605994878
0.997082274769
0.993200426597
0.995030294057
0.990036661606
0.992693467183
0.959941932928
0.998884463254
0.994442051138
0.999007146711
0.996938421053
0.99273335127
0.994090402345
0.994916089145
0.997581238886
0.993183815679
0.993273469326
0.995207222367
0.993275716762
0.996693059598
0.993160276902
0.994303820542
0.993111109562
0.997032189446
0.995376591181
0.995405654562
0.990429370168
0.99726131187
0.992670885067
0.992615634812
0.967829872914
0.998800432315
0.994335736162
0.999046665338
0.992667455552
0.986671038588
0.989380378288
0.991301847991
0.996920555776
0.990713300212
0.996944895209
0.997866663158
0.996954926205
0.996786912154
0.996898839212
0.996169481178
0.997028140008
0.994164187057
0.995572838269
0.99442086332
0.991575761784
0.993799834023
0.989932151062
0.990368908925
0.944506469988
0.996447172628
0.99416478111
0.999728178765
0.996841897171
0.991522245012
0.992931739333
0.995425867128
0.996903881922
0.992015448986
0.989398237037
0.992328271189
0.989366630313
0.994880003935
0.989215979658
0.988874979464
0.983363108707
0.993403453835
0.985681772131
0.990122044672
0.976573526811
0.992034643079
0.974209418455
0.980298795944
0.96356178618
0.999217292198
0.994386078295
0.999451464079
0.987708465144
0.97286398736
0.97790843467
0.984849718713
0.99635379752
0.976464583881
0.997360569282
0.99813344407
0.997362749252
0.99733300221
0.997337438641
0.996898460752
0.997331368541
0.986930688642
0.993899521901
0.990165065978
0.993108851699
0.995297357205
0.992377963804
0.992440034349
0.962820937753
0.997781391781
0.994148368716
0.999495048971
0.997475587914
0.993052511692
0.99386773784
0.995761206003
0.997340429767
0.99359413517
0.996523788348
0.997532121643
0.996462011673
0.996510476307
0.996445517935
0.995962298762
0.996728865071
0.994216888223
0.994242324994
0.992574248314
0.99171668182
0.995754085126
0.990450696155
0.991094520615
0.953837656808
0.99800060147
0.99437735148
0.999408159452
0.996428239275
0.990725356345
0.992273843056
0.995547718609
0.99700318915
0.991357122804
0.99771059687
0.998360271432
0.997667737167
0.997320522154
0.997687310422
0.996575838529
0.997581895525
0.998354348448
0.997273474346
0.997233324555
0.99335300558
0.991617190911
0.996104458935
0.992240245245
0.957228137182
0.996423205328
0.994259243891
0.999732974266
0.997964905187
0.993051461644
0.994514985422
0.996535778049
0.997795213262
0.993179620248
0.992119874192
0.994433350687
0.992071561267
0.992620659797
0.992026428634
0.993202149129
0.991195970012
0.994067370096
0.991965652626
0.991862633477
0.979464383179
0.985553564123
0.970530396054
0.978066773374
0.939090291777
0.99836119162
0.994202992095
0.998595100895
0.992393020417
0.980160189296
0.983622030566
0.984524810777
0.992831989641
0.979545337211
0.996718664998
0.997704423271
0.996734502981
0.996521937487
0.996667499052
0.99583836861
0.997008400044
0.997082213708
0.996952011125
0.996485894668
0.991217483524
0.99238400831
0.991511688948
0.990478730164
0.9590337811
0.994914533009
0.993356256178
0.999365792178
0.996428889537
0.991266754054
0.992707875567
0.993840365686
0.99703697746
0.990950168132
0.995850593918
0.997097750909
0.995845328712
0.995769138958
0.995813401764
0.994733760732
0.995663864799
0.992834532821
0.993648625648
0.992022050422
0.989643483369
0.982654805229
0.984290343647
0.989252327361
0.94111351391
0.995999888223
0.994508055448
0.999368093343
0.995778056283
0.988944526836
0.990882350147
0.994387177611
0.996406076363
0.990488658104
0.997562341426
0.99829635496
0.99757785742
0.997905164629
0.99754829137
0.997422063187
0.997448178447
0.994758088684
0.997139178219
0.996480056043
0.993991231844
0.996066239047
0.992668793699
0.99457385735
0.966838814078
0.998704336586
0.994353465114
0.999707869884
0.997480121263
0.993759875865
0.994818072554
0.996385615924
0.998004632065
0.994095367882
0.973585662405
0.97369378152
0.973133995491
0.99785630665
0.972926381148
0.90624997221
0.979755758046
0.968851897187
0.99221134349
0.992277313239
0.990114335991
0.994479084434
0.987340106737
0.994987480464
0.961255696917
0.999038969936
0.99382215574
0.996105023356
0.945986173119
0.977165579995
0.987819376751
0.9921880161
0.997329460594
0.985615501488
0.995642295316
0.996911620941
0.995615801955
0.996984353361
0.995579489582
0.996233393424
0.996409872844
0.993899322396
0.995862395354
0.993974354582
0.99198410251
0.992633319153
0.990833234537
0.991659316269
0.937842391184
0.99851052083
0.994242306247
0.999514947753
0.995106724762
0.990813636702
0.992275149433
0.99275430042
0.997091266744
0.99226144001
0.995518529973
0.996805095849
0.995492176102
0.995099824428
0.995439588344
0.995354646672
0.995870749737
0.993691417884
0.993039040699
0.992047973354
0.989154533305
0.997890146325
0.988900382822
0.983951979196
0.966188124204
0.998129388082
0.994191191211
0.999470467973
0.996210868549
0.988277939789
0.990010563453
0.993509155114
0.995149268145
0.989464825973
0.996908563178
0.997796875181
0.996935539086
0.997280125072
0.99685078774
0.996543316962
0.997025809523
0.998444402459
0.998029897053
0.997953744442
0.993114711117
0.996708851861
0.994636348235
0.99253408526
0.939627902636
0.99854926137
0.994419977128
0.999310355268
0.997130295376
0.992633975874
0.994111668376
0.996072614459
0.998090894391
0.99341629671
0.995600635781
0.996891706512
0.995561504651
0.99559866669
0.995526364279
0.995652675523
0.996039332302
0.993527610934
0.994702274038
0.993300247101
0.989050939574
0.995166278933
0.987506815705
0.986309895253
0.969454160692
0.997974365808
0.994371163862
0.999258208252
0.995510162135
0.988717868877
0.990235152964
0.993178726465
0.996188242067
0.989969045457
0.998736642605
0.999082476515
0.998745816362
0.998793030228
0.998730889358
0.998221682215
0.998558833398
0.971782569637
0.99945596515
0.9923323322
0.997965995281
0.993647337443
0.996626622636
0.994814782091
0.949248751575
0.998238210166
0.994209720767
0.999554860789
0.998788584114
0.997484570092
0.997618903073
0.997168741885
0.998614667794
0.997749247309
