0.936857872867
0.955055043729
0.936353147739
0.936194122549
0.779655634348
0.931380456211
0.939512121974
0.747068324456
0.758950786912
0.847020761874
0.771790637172
0.812964502692
0.847357146954
0.890648822136
0.939754856409
0.894673414934
0.798783498632
0.996588646375
0.936830165686
0.806072484838
0.851871660936
0.790427814054
0.771065246438
0.760613354007
0.831345164336
0.883000771595
0.832453634778
0.8317840582
0.597493522538
0.712244306187
0.93273182778
0.807140447244
0.779834170727
0.843900357134
0.579311030546
0.54702927649
0.67084815189
0.899208491847
0.905102597537
0.815568646217
0.799528334224
0.999389874754
0.826890734496
0.525228879868
0.703762396239
0.511047003122
0.52106726682
0.468145698218
0.879203303071
0.912946967467
0.879338635776
0.898673982796
0.671168336346
0.856696635697
0.900169561104
0.89429838435
0.885513857058
0.897321223709
0.741424225666
0.776940613327
0.704636243589
0.949343554977
0.946657657465
0.853128928323
0.796993414271
0.986327197465
0.871929545451
0.748193047857
0.796873286193
0.817529592603
0.770390311715
0.708126615026
0.899557902304
0.928428865804
0.899309854943
0.895085491711
0.688822155397
0.831964119643
0.904928654405
0.930175876433
0.896372724657
0.905187485005
0.746032402754
0.81868439072
0.739978830774
0.963525306059
0.949099088896
0.846690158249
0.796598870923
0.996441277942
0.904022144179
0.746942877122
0.79477359918
0.693018291719
0.709476719427
0.687357185074
0.967049293421
0.977082644451
0.966689658458
0.965907176814
0.879463255027
0.947472090942
0.954516833503
0.796670658158
0.799676665606
0.896353415366
0.902887320409
0.866684456161
0.895459970645
0.885831098682
0.982654546635
0.83532438001
0.797308100814
0.991215907354
0.96529372634
0.904404510589
0.910764495343
0.926751157411
0.961049758042
0.901835562242
0.948290094055
0.962504703026
0.948523184265
0.951444656722
0.821612638031
0.905950605405
0.958294813841
0.816917261785
0.803025588846
0.875974795387
0.817932126186
0.814847313539
0.851583067658
0.900905201102
0.959722260595
0.915421987131
0.791503607349
0.996244891898
0.953505626312
0.847573330198
0.872715095783
0.878843008078
0.833064041745
0.815152776786
0.941879809549
0.959276545529
0.941968551494
0.942229932361
0.796348839994
0.932404539225
0.938765301612
0.855141239687
0.886585545061
0.923304728456
0.822914675246
0.82162869392
0.838535103921
0.938454705594
0.950653716248
0.881859947417
0.798556389429
0.994867138438
0.941747172407
0.855577675626
0.868676668722
0.838926397635
0.872867774151
0.822570733338
0.977722546384
0.98406318561
0.977733844491
0.977600362775
0.913513864438
0.947543792765
0.966183535838
0.835403655054
0.879624938662
0.93276006321
0.931862437392
0.948460917508
0.937048340919
0.915940831058
0.991309395841
0.925154845175
0.800066519584
0.9962212247
0.975543404262
0.935243711329
0.942962837517
0.949109081077
0.974013833935
0.932581756402
0.953293564544
0.966523664264
0.952938917769
0.956759339713
0.83425216124
0.948169750184
0.950223436951
0.898503798433
0.918548397583
0.94745303828
0.876725293495
0.888163658201
0.880152831732
0.947247646933
0.961794259573
0.937045961086
0.799267515952
0.986312217624
0.953565491327
0.891877758605
0.8903640842
0.914653272264
0.892031847699
0.875337413287
0.907537967644
0.931307235991
0.907952721636
0.954290168905
0.735149628908
0.891567012143
0.884389441819
0.915010870213
0.904573578824
0.925402687967
0.843681043947
0.85680474218
0.844362024693
0.954959419351
0.953656027325
0.932339807084
0.79844698472
0.990629846421
0.90150666594
0.854275360458
0.838010511715
0.823645060998
0.867892813886
0.839035461036
0.954301399127
0.968035050445
0.953962806138
0.95495703559
0.833856825039
0.933490134174
0.951191045511
0.859557264075
0.833994174209
0.904594247726
0.849584420258
0.840403302293
0.87323281964
0.91306974065
0.979933382256
0.825732525896
0.794594216333
0.9965368371
0.951619275894
0.860554241083
0.880035452656
0.876425862926
0.880582777747
0.839927323825
0.879578478196
0.905685741726
0.878800957188
0.930100198347
0.725009670824
0.818627592262
0.9150082553
0.857205539517
0.880707385624
0.898660934653
0.822944510453
0.777161872156
0.939695020301
0.94250299298
0.994518432921
0.956904643151
0.799345916017
0.993825784837
0.867691771635
0.74740257253
0.801732357438
0.807750917473
0.857809526853
0.805702022068
0.959465764703
0.971661292804
0.959485684988
0.962023183878
0.855452181922
0.945695921863
0.960403508107
0.757736925054
0.740817497282
0.850518143495
0.871803271209
0.872993418314
0.876126624166
0.864077199345
0.986183500991
0.866978444982
0.795174204235
0.992792382557
0.959676398609
0.88312052648
0.895770270931
0.858335503122
0.943465558264
0.867777742056
0.947344073331
0.962995427226
0.947280283829
0.949013644376
0.818616053912
0.911032151614
0.934924282807
0.839831796649
0.826331500624
0.888450142168
0.859636369842
0.87523552006
0.869400748939
0.892205454106
0.98485872822
0.886312817429
0.798243141831
0.991832601091
0.945260703927
0.852030856744
0.879410576873
0.876791088461
0.882294140534
0.848965570758
0.966095458096
0.975912155521
0.965590528847
0.962619692491
0.880079447465
0.941397719832
0.94837192473
0.954016494786
0.915356877662
0.961576223906
0.907592179519
0.906051260368
0.898036433984
0.969617533527
0.927689978484
0.805923241912
0.794550140958
0.996557369343
0.965016785042
0.899016202446
0.915989165786
0.929257886172
0.943028960708
0.901813400091
0.886801989257
0.917676176598
0.885597667821
0.903755584152
0.664281211207
0.858035529304
0.881019245407
0.872564469565
0.860429006636
0.881154076815
0.680634454319
0.741398793144
0.713485371653
0.930237136693
0.972343221805
0.900513985094
0.794832441467
0.982901280467
0.890544680688
0.679030077735
0.713888294542
0.723843052948
0.570502731588
0.589075565686
0.951640731445
0.965715313095
0.951709104429
0.95410502612
0.825565327504
0.926555747583
0.932035437947
0.91829443918
0.866148136593
0.935133196966
0.834751280597
0.84333538771
0.881462693257
0.933052606351
0.980423657354
0.803043598531
0.781741946283
0.99545106193
0.947017283674
0.854504288819
0.878212304816
0.836650291688
0.855185462138
0.819715017801
0.939287345579
0.957897145514
0.939274907606
0.936905703877
0.800278142363
0.85171026006
0.930510517774
0.796911887675
0.775552177484
0.873672798639
0.801344072189
0.790037088992
0.827238338262
0.87252345033
0.96818035708
0.767185224155
0.800031250534
0.991190952271
0.935186732586
0.82979940935
0.841539153912
0.862666142988
0.87495220888
0.786911691231
0.962381374824
0.973521932501
0.962486209446
0.962976809242
0.861957830446
0.954984089725
0.95887665124
0.837714647178
0.905347455895
0.928403734634
0.899913585434
0.921154938747
0.90499790261
0.943358802711
0.985577826603
0.926763119537
0.797840931431
0.996161808521
0.959774386561
0.897899547481
0.913098187881
0.880966307058
0.955895765092
0.896126679821
0.82419095525
0.832256286202
0.823240640755
0.969000869595
0.728209331288
0.709771219875
0.800201333615
0.735463594099
0.877471003417
0.920993555608
0.906378789047
0.92688266116
0.768555192939
0.968012884274
0.976464684075
0.949427294142
0.78592556263
0.920044282944
0.776721733564
0.90916352775
0.902648791925
0.768813756697
0.948876567795
0.864452242976
0.934122283565
0.952647698099
0.933453133072
0.954796528945
0.777228843906
0.931121101894
0.948212512143
0.827806036248
0.841566958561
0.891058824421
0.839484389516
0.829903398583
0.847644432698
0.888145002805
0.983059328863
0.913083448979
0.797073958825
0.994344221736
0.927076665895
0.872274876546
0.874134089461
0.874780841881
0.865034055995
0.832205421204
0.93227342669
0.951879107272
0.932089564666
0.932141317494
0.777408046176
0.885495677006
0.935756248188
0.832948765082
0.839682200236
0.886939640839
0.750060678963
0.750477745681
0.846492172219
0.900446346487
0.987756906086
0.884119589503
0.794013604743
0.993045366645
0.941477078538
0.811098248141
0.84463179163
0.872533193447
0.802889693274
0.753854168712
0.952944739555
0.966924768081
0.952931034915
0.961698161056
0.839382354181
0.940442776155
0.948677566532
0.942422449438
0.931621093893
0.955181376449
0.892609968242
0.897188387457
0.884640911849
0.965650017349
0.967775262928
0.915899021962
0.798936972329
0.990113447559
0.953922111452
0.893614875465
0.904564168764
0.917024395154
0.928993562833
0.894865620396
0.93227098506
0.951915682957
0.932908055515
0.936473196881
0.773605289063
0.893161240233
0.908298720893
0.834094417535
0.825366279503
0.884394379783
0.776543719872
0.77321848229
0.84872524881
0.888885729147
0.995281343437
0.874406798571
0.799370074174
0.990268769407
0.931268032604
0.815248546565
0.854463550172
0.80073060315
0.819706789631
0.770479735851
0.979934297371
0.985264771712
0.979864529453
0.978859174659
0.920830972715
0.966571500793
0.977145837842
0.60456602717
0.861883389488
0.876424309666
0.955578504333
0.947174461911
0.9473188528
0.959547265617
0.986375424713
0.906553840216
0.797482893383
0.992583084518
0.980322860822
0.946806958988
0.951549026573
0.965747377106
0.977252466154
0.939669730145
