0.890220743316
0.918793079487
0.87621138737
0.930246307548
0.874641875943
0.987084981604
0.768960565385
0.888585092932
0.901953744991
0.898580159662
0.883018185885
0.880286537671
0.905047984845
0.967055894417
0.882490407219
1.0
0.943274310846
0.961750692834
0.878103565219
0.888462005193
0.89840610748
0.727288674819
0.920198780351
0.886909846255
0.885290802371
0.88518743803
0.888514382759
0.811842588552
0.885493002485
0.709726222209
0.698609280301
0.714226356639
0.806265044937
0.807735486269
0.724050810012
0.750087001959
0.756950475191
0.808607227433
0.396243057426
0.943059828335
0.718189729235
0.794894451452
0.832803657385
0.717138331101
0.780566282707
0.519990325998
0.746935472007
0.687000614295
0.652271769777
0.643659620753
0.650592899466
0.620012226814
0.650900574555
0.580172589126
0.460535442955
0.644001934678
0.646622592041
0.576697848568
0.494494744783
0.570347856089
0.705508110851
0.758880794838
0.58507890023
0.768680404977
0.691632694039
0.563136171176
0.652345892522
0.796844731374
0.704526021878
0.668628548274
0.899776083783
0.827405244301
0.881643760773
0.89771464103
0.883646548421
0.914683588117
0.88203240981
0.922823979278
0.706506226423
0.846647099972
0.92543584596
0.787885138479
0.864627236954
0.903920259351
0.768693003922
0.989587167161
0.913573663745
1.0
0.948372926656
0.938838899552
0.863898843721
0.861690237746
0.85808619646
0.818579974788
0.859045507807
0.878428254428
0.942556743278
0.94971254768
0.943095136916
0.945454365981
0.942278998167
0.938665846717
0.755956328859
0.903509373713
0.947547459454
0.928988341082
0.92452427322
0.967556708236
0.901372551738
0.970803919256
0.863981883501
0.963085219549
0.923423058859
0.969761813133
0.940654398722
0.922403077141
0.919933144121
0.912668658538
0.934719975856
0.925098272543
0.892596208059
0.873704800715
0.867466477471
0.900568767357
0.887338667366
0.859550367655
0.765743818781
0.790043305254
0.856376897327
0.840099025907
0.817607915693
0.929667456006
0.784306624663
0.949342051841
0.817767326327
0.805945996383
0.974542569108
0.989334640905
0.903715444497
0.783044951376
0.827798647819
0.846019217626
0.753579185621
0.818363718596
0.944264807266
0.953169106499
0.94268942663
0.957060156927
0.936699671083
0.823500832887
0.802859183689
0.954986098391
0.933393927773
0.804597379415
0.794474989354
0.846262917414
0.872758087351
0.982301700528
0.660956864242
1.0
0.914692274259
0.929096382308
0.942106135074
0.815992190033
0.800802318281
0.835460664511
0.828904869764
0.801176983915
0.966678294533
0.973024234591
0.966733250962
0.969069243916
0.967138089679
0.929339538267
0.852006518268
0.905249274905
0.937893571972
0.947939646763
0.906770894516
0.929508766294
0.941819192039
0.947513336727
0.90001957806
0.967057277137
0.970616450154
0.985446873711
0.953742131879
0.943591969104
0.92819743352
0.917801849782
0.966057334015
0.94477654259
0.889753978098
0.890648422391
0.945312904428
0.961826771595
0.889152840189
0.952504950308
0.621271948353
0.927924549178
0.95742187715
0.839957153146
0.89592773193
0.949482966552
0.920112509076
0.981434784869
0.948523727388
1.0
0.961721698997
0.96377937077
0.958266240978
0.922891298435
0.879739705417
0.800499825254
0.939324376338
0.900574348559
0.90132087937
0.916898827868
0.85961252138
0.938877286164
0.901507461975
0.989489660103
0.330038632428
0.870905525647
0.925104433501
0.921793761011
0.851872812924
0.928572233004
0.841910035753
0.980864043621
0.867410499361
0.92845650792
0.918335054881
0.958901725379
0.906201367451
0.683385177731
0.808809459845
0.907695136279
0.911564574404
0.842641787116
0.939365593744
0.95886440681
0.922003242653
0.871611747668
0.94541387022
0.96149990104
0.776207039355
0.925478739664
0.937243847172
0.888804601371
0.87392488795
0.890582584545
0.896554558694
0.974101953385
0.950019646059
1.0
0.929449205421
0.98791743818
0.952536493147
0.875112633028
0.900874785473
0.903320297491
0.936627874311
0.907309872943
0.949958084178
0.957684940124
0.954424011259
0.925175383632
0.958415870261
0.754786417119
0.905385759995
0.774240889621
0.900218744605
0.839384898824
0.782674963108
0.94442457255
0.863740036372
0.933955943306
0.917707660515
0.965665788061
0.988690734853
0.929529835943
0.977618422481
0.830474012063
0.857745550762
0.899561070789
0.725622200589
0.744147643195
0.951483422841
0.911326938216
0.956250423893
0.941340283492
0.945810858169
0.963305919804
0.959241735329
0.746895517464
0.94011101121
0.913134575708
0.932512503045
0.954433333605
0.945135533899
0.950200180688
0.855161519844
1.0
0.92446422487
0.987314026515
0.955440344063
0.937451929612
0.940487657037
0.911068927723
0.948271011454
0.93282720029
0.895313567207
0.901008647518
0.895644639602
0.896678283979
0.893821784368
0.90024210404
0.879303579502
0.859157700613
0.866103488501
0.907794834286
0.886408795845
0.847102335554
0.879105253663
0.972015772034
0.967913931053
1.0
0.850506576758
0.978678239167
0.897872904802
0.889369693038
0.872493832369
0.827341297174
0.892398204006
0.897745066016
0.980674788339
0.982806068131
0.981453497541
0.967840559629
0.981586100921
0.959174025741
0.975919523536
0.958295083767
0.967557340604
0.962182820774
0.929438318499
0.985141300281
0.955177950038
0.959164909179
0.814604517136
0.994962484996
0.939034797157
0.984727345432
0.971362961703
0.93425846936
0.953421101374
0.915411633307
0.934129449337
0.915930497919
0.863009193948
0.880628649372
0.861777351253
0.815664116742
0.861571111402
0.854454872649
0.855570290292
0.740889391731
0.750446265822
0.722561041711
0.646349364629
0.722644754385
0.819582799384
0.978709001496
0.774830234788
1.0
0.924843031485
0.93766099364
0.863011008597
0.851893304219
0.837042546517
0.835520706128
0.859842541004
0.852816510296
0.874274744151
0.92706532927
0.9149903495
0.87363120783
0.913075387009
0.895804815231
0.903541895557
0.85996258319
0.829738886516
0.906378996268
0.883059165524
0.927922008965
0.850489817166
0.910848720599
0.806186948628
1.0
0.798750138568
0.974379807822
0.878328737808
0.880618406574
0.858431049841
0.768470947257
0.883800270261
0.879329065069
0.834137989539
0.836223153548
0.912571556545
0.833939008488
0.913035938111
0.971476732208
0.675727870668
0.90855180369
0.9327488493
0.893954108631
0.85000483779
0.761474639313
0.870739391519
0.870934820473
0.676063793337
0.898213571574
0.825456906026
0.950449393002
0.938190689391
0.88567009577
0.891543439387
0.850722261531
0.935952299446
0.912456467223
0.937073903376
0.945868431622
0.936890610488
0.868321569477
0.935875296305
0.893434049735
0.593029525056
0.897606140664
0.937153409044
0.947338668812
0.93218629196
0.890212086716
0.900380321448
0.979141599662
0.910974158498
0.966642166583
0.929211032088
0.958705830043
0.934864597841
0.863916985259
0.866497261957
0.90270378445
0.955134328152
0.925074071695
0.972103441561
0.98281669243
0.970949430509
0.967813268437
0.971363265135
0.738726112278
0.843081276514
0.965490436623
0.972391141811
0.967357408202
0.94051112579
0.98178309507
0.940994484807
0.98356070444
0.902848313258
0.9771430362
0.96258266974
0.970557971619
0.983123121562
0.931661593119
0.943523645305
0.916016391771
0.980215028667
0.944534774749
0.963622579818
0.945803510375
0.963505648281
0.932270759098
0.964162909346
0.878321823871
0.954262743244
0.91974855629
0.945307029723
0.936256191978
0.901817799749
0.941691465132
0.92869567934
0.967918768617
0.902913821976
0.978223051568
0.978519924411
0.968004795911
0.969895912939
0.926379195537
0.932020535583
0.902304185708
0.913570231891
0.915113439302
0.914043413111
0.921813295927
0.911903323786
0.937219989319
0.912983515109
0.980302425463
0.809296264645
0.904275417621
0.901846754911
0.868611266497
0.831252679466
0.891341377634
0.87199340918
0.961749578799
0.74821395315
0.843196569042
0.952927088456
0.965061316936
0.917667767572
0.876987470254
0.886641406442
0.802796598057
0.883865204581
0.872996140137
0.909892077883
0.912693460588
0.920105894136
0.94188853743
0.909801820678
0.949163639242
0.745306357018
0.965278994619
0.878176161067
0.91082476142
0.906803800056
0.948520108894
0.905838102363
0.982963274501
0.880630223498
0.880362684715
0.859289250423
0.962268098203
0.929523458643
0.882148267453
0.927051717926
0.921987581519
0.891709588782
0.909700799108
0.919097652594
0.941125710365
0.917206460651
0.946503600221
0.800077757954
0.987959255975
0.768595182604
0.872225253549
0.924690611207
0.921270561092
0.891182583363
0.815564151747
0.863692051093
0.96906139481
0.913969248297
0.943934305766
0.988053839152
0.858025756316
0.805671366521
0.876761949948
0.88750286172
0.915729331041
0.935317267723
0.880495384333
0.972636998629
0.979366717586
0.970651748142
0.982081973239
0.971646830547
0.988806711249
0.808839076832
0.734690867052
0.988035545798
0.806341714289
0.97653202955
0.96858944225
0.972189184027
0.97714170224
0.911743600034
0.987420011118
0.790527733862
0.828481446651
0.948538221448
0.975646700923
0.958569543663
0.776585100526
0.982107340108
0.967068021327
