0.977279523797
0.983949719914
0.977135113262
0.97698124401
0.937898860788
0.975931319774
0.97831756592
0.904095366338
0.92652532712
0.940453238066
0.925999756584
0.932496298407
0.934141776332
0.950657701213
0.940658385312
0.968132864289
0.935998816379
0.998570877791
0.977187145814
0.931804312677
0.946030219509
0.934388101233
0.938980482651
0.922978639397
0.9527437489
0.96821057561
0.952629255541
0.949842756775
0.889473889705
0.90889629943
0.973276677494
0.946814358165
0.941000732943
0.95270125147
0.869711268629
0.854599858223
0.878852306693
0.960541802064
0.896954627557
0.943193190748
0.940020387763
0.999685326805
0.950325920735
0.870081978926
0.909606080648
0.870069545433
0.843324311915
0.845690460653
0.972875193655
0.981427109421
0.97291406806
0.971848265679
0.928471544679
0.964498729998
0.971907178082
0.974618332968
0.973243201338
0.976010038754
0.935822727482
0.928091144255
0.924904039683
0.978508825105
0.969875282045
0.958285211691
0.937732918158
0.992423081132
0.97131878154
0.930153002406
0.947524003945
0.9584392612
0.938617530918
0.931663052608
0.972213525607
0.980467658768
0.972160887302
0.970079114678
0.926794259301
0.953082507405
0.973340349365
0.980173853899
0.974649298194
0.976517549436
0.925023115387
0.929786660709
0.922796699659
0.984678254484
0.964820988119
0.957336539494
0.93652366579
0.998618609291
0.971863105455
0.92745154041
0.942355772972
0.911874818043
0.919707916442
0.91637675232
0.988245508238
0.991774234806
0.988193131296
0.987606904383
0.966824926852
0.982020130673
0.984988726824
0.927259264223
0.947203582316
0.962639568357
0.966483984095
0.960619190267
0.966371430911
0.949942006719
0.959977388444
0.950729021588
0.939440675534
0.996954023759
0.987294105405
0.96587772619
0.969914218233
0.977520207906
0.98545430444
0.966130823647
0.990327847006
0.992992649298
0.990372555549
0.990295576314
0.971601233197
0.979674424463
0.99090914451
0.962923290454
0.967903219206
0.976056051691
0.970845317388
0.970811824658
0.971534682621
0.974710683681
0.964869741659
0.97909878296
0.941251777489
0.998622751973
0.989449450122
0.971704965151
0.976324683193
0.977274200333
0.977678009425
0.970623979252
0.979209592852
0.985465126437
0.979220004288
0.978314440612
0.942942943078
0.976168457558
0.977679104952
0.956928622768
0.969046850912
0.973677628829
0.940152729336
0.940448944859
0.941810543359
0.969166960317
0.953108719036
0.964832470462
0.93738286939
0.997710093237
0.978885361352
0.945642521278
0.955455518689
0.949859572433
0.95503687869
0.939743080033
0.99181454483
0.994156993009
0.991835096406
0.991492946242
0.975876195096
0.980728140299
0.988650222808
0.935677015173
0.967689802342
0.974463233694
0.975492187093
0.977830630357
0.975609353117
0.961879941201
0.970427795256
0.975899680436
0.941301772536
0.998130109171
0.990992758193
0.976167394934
0.97956645106
0.981282540198
0.989170746909
0.976133232866
0.984050196967
0.988628042939
0.983975510351
0.983722772826
0.955223033141
0.982463920092
0.981045333871
0.965473151817
0.976332440687
0.980074858546
0.956083080345
0.954756379127
0.955100209224
0.97275734888
0.952647502305
0.980144276337
0.93632442868
0.995142448683
0.984049852965
0.956970089314
0.963871313187
0.968486629055
0.965342172039
0.955209142723
0.982937710194
0.987767341754
0.98287576094
0.983492825972
0.951424268044
0.974538843714
0.978764870976
0.971616900338
0.973377764297
0.979969643304
0.95057306845
0.949923121165
0.948249028302
0.970273201024
0.948179138773
0.978510533207
0.93838697658
0.996636264007
0.982465802537
0.953127377131
0.961542706689
0.961163736281
0.951259738796
0.948732703201
0.98439436382
0.989163611128
0.984324176059
0.984659646382
0.95593446608
0.977784790042
0.984800784882
0.951317706156
0.955550171889
0.967361295392
0.953045671594
0.951675565051
0.95453132375
0.958838442438
0.962106447959
0.947979232876
0.938686327114
0.998588591846
0.983747329396
0.953657244888
0.961020395507
0.963371942115
0.967376747701
0.951403796156
0.986554530499
0.990362772806
0.986568978157
0.986925866414
0.962281741299
0.973274689424
0.988081465711
0.97631330293
0.981345406182
0.98580250029
0.964231810697
0.966758283524
0.978290126008
0.982247217098
0.965088959471
0.985679675661
0.937264937389
0.998132502334
0.986153766139
0.963364716862
0.968534077335
0.969181466412
0.96975765631
0.962067339309
0.988025446725
0.991589587467
0.988050634378
0.988062457177
0.965884080376
0.98429403281
0.988005387938
0.916440783557
0.934278293578
0.949425106122
0.96340236087
0.96368301059
0.962430108978
0.940445995945
0.968896103481
0.96399613437
0.940206942141
0.997549772267
0.987052344141
0.96508821758
0.969125955368
0.962604353641
0.982136276535
0.963039686014
0.982292127427
0.987669620284
0.982309741057
0.982246895086
0.951630356222
0.969052355847
0.980122911526
0.945337717766
0.950779217286
0.960652584848
0.954300820224
0.958197474717
0.953441180729
0.951859441077
0.968557769154
0.965606167911
0.937683027946
0.996217883458
0.981868753776
0.95050155248
0.96006777502
0.965232491618
0.965967257691
0.951938615239
0.992357866532
0.994522108556
0.992307232852
0.992167617309
0.977976971882
0.986250720278
0.98883144974
0.98958710686
0.983114669275
0.992234674428
0.979986654342
0.977904313919
0.977306962718
0.992066575953
0.974619259384
0.948835319783
0.94584345796
0.999271255135
0.990150420848
0.979577120551
0.979860290071
0.985199590895
0.986251295058
0.978974732152
0.978398223613
0.984657204062
0.978282117854
0.978894348316
0.940564625006
0.969956557904
0.974441304707
0.974870233303
0.973342441957
0.976116146122
0.941738127461
0.943768572988
0.936820407589
0.980346424191
0.958661188589
0.973575299713
0.937666468586
0.995133229331
0.97807409961
0.938586248529
0.942924528345
0.942278390088
0.926447651396
0.933444582946
0.987698422812
0.991379306418
0.987694147395
0.98796231017
0.964367827784
0.981152691138
0.983619722279
0.98021468662
0.973459141418
0.984181033942
0.962156491818
0.962906001513
0.965240188637
0.979628406988
0.968926106305
0.948699646681
0.938247768965
0.998162649318
0.987030576252
0.964036149674
0.970036361806
0.962431401492
0.967933372101
0.96056846288
0.980546419565
0.986555529371
0.980489225703
0.979004841939
0.947741566985
0.949291924697
0.976882179855
0.933174185983
0.939021207334
0.956578092785
0.940869684046
0.940046877367
0.942912942183
0.947222747839
0.93343065477
0.928690777662
0.940631273314
0.997168732399
0.978778733059
0.944104509782
0.951076139081
0.956854122092
0.964881337555
0.938541611475
0.988349398641
0.991831710849
0.988347596229
0.986893753547
0.966525962385
0.985709528572
0.988527928438
0.941027331128
0.975563600238
0.977011043593
0.965385830941
0.968095216501
0.9681535804
0.974428247707
0.96825697358
0.977932566408
0.939203937841
0.998581730928
0.987957139415
0.966588675054
0.973000428766
0.968264984669
0.9832180312
0.966513064451
0.99621170618
0.997028271935
0.99620289078
0.995538297822
0.9882786177
0.980536629781
0.994418154361
0.989079201509
0.985012011805
0.9950346124
0.9880004644
0.988002263501
0.987143850208
0.991080617101
0.980409335082
0.988268696015
0.944644472875
0.998952102075
0.994877631138
0.988085181515
0.989335059072
0.989321753416
0.991871149092
0.9881612023
0.984116519222
0.988740407827
0.984063776379
0.983653324893
0.954717996057
0.9824550572
0.987077258056
0.945557695575
0.957740811054
0.966230803734
0.95225712724
0.951535304623
0.95380315597
0.954812138808
0.955061142029
0.97466731109
0.938867458846
0.99758457032
0.983625443479
0.955258978945
0.964041402106
0.966737755614
0.966620774413
0.951937136049
0.985250354052
0.989588715775
0.985280638709
0.985507519314
0.958482487396
0.974543217761
0.985945726986
0.966748060404
0.970909163845
0.975837764578
0.959211734635
0.955268558188
0.963922088689
0.974060563772
0.969572309854
0.970718301085
0.938917617108
0.99814334184
0.984779272756
0.960835142337
0.967679907272
0.970089552839
0.967411030107
0.9589246956
0.986867053855
0.990858327494
0.98682334668
0.986965079784
0.963102481329
0.982647866767
0.985583071576
0.981937410566
0.98366133386
0.987751805369
0.966933707139
0.966440256397
0.967755675685
0.984893152044
0.948029380567
0.973756779312
0.938590507399
0.996537189474
0.985972100122
0.967248331043
0.972640461875
0.97708690048
0.975174464523
0.964969353529
0.976807192218
0.983569877271
0.977039845838
0.976584076813
0.937301878481
0.963108649698
0.97243931215
0.93690301296
0.950311813012
0.958226773074
0.929961158689
0.933586247581
0.93737142203
0.948077079111
0.962324666679
0.961919092828
0.938593438111
0.996570377809
0.975898751096
0.935856279466
0.94990689337
0.934198096163
0.94843962409
0.927260103464
0.994098064509
0.995584905207
0.994104971045
0.992140444227
0.981933241648
0.989604104445
0.993707929872
0.804967140379
0.968170657395
0.95553849803
0.985690104497
0.973406965042
0.984457074193
0.978444400501
0.959354756925
0.97328151112
0.945839027737
0.996704660759
0.993526541674
0.983724388612
0.98640548084
0.989063609928
0.989938623918
0.982844106726
