0.983237889076
0.988268067539
0.98344080938
0.982895241638
0.973905002301
0.98266752144
0.985643889698
0.913553880055
0.95512520098
0.953532747488
0.951341122902
0.948297739419
0.952017835489
0.950921195293
0.93204988332
0.97731773686
0.959615343347
0.999066336121
0.983488880364
0.952416490407
0.95956836914
0.950849001606
0.968593506828
0.949217057136
0.946004737624
0.96208987429
0.945824779467
0.953667485632
0.919477472528
0.89858030006
0.97004014728
0.938049763637
0.940976328184
0.946766919651
0.863743571113
0.855910667894
0.890252859974
0.949772878695
0.915674494845
0.955031666204
0.959822997537
0.999654030854
0.946856042118
0.856315357474
0.896218128618
0.895453687434
0.817613172692
0.859864631198
0.96519176519
0.975233573144
0.96460740878
0.973445503523
0.946355444149
0.960300009766
0.975453278532
0.971306781997
0.983368615594
0.979885411343
0.936256576209
0.924540904342
0.940481590992
0.969394239334
0.95362947862
0.967261337049
0.958939046598
0.996285947222
0.963044111477
0.931227656181
0.943077472257
0.958733413011
0.924231344885
0.9325951525
0.972536537394
0.980505486562
0.972297080125
0.974445588194
0.95731119236
0.953074211354
0.975202164283
0.980063207816
0.980654933182
0.98058408339
0.93867092524
0.941541459101
0.925877978372
0.98240775288
0.951676173427
0.966338136263
0.958904310151
0.999006643706
0.974314536541
0.923795551574
0.948254289169
0.946791578908
0.923245353575
0.9337128768
0.991364158154
0.993937765062
0.991429690248
0.991341392639
0.986458502801
0.987049354978
0.990753409869
0.946839733186
0.983062082615
0.974274489904
0.976685819241
0.971465615711
0.975613383806
0.95387763121
0.953536374002
0.960964987217
0.959307286203
0.997686512392
0.991365173968
0.976082786906
0.979697864702
0.988206919423
0.988184314741
0.977324768129
0.986385354774
0.990258453867
0.986361841995
0.98695112274
0.978722867046
0.974576976216
0.988082411735
0.935881317286
0.970017511346
0.966170623036
0.959709904348
0.941012637213
0.966989031892
0.951408883561
0.961846197994
0.982030190365
0.957269672309
0.998983965205
0.988294038784
0.96081937627
0.967542272237
0.963320339089
0.976200543802
0.961868490689
0.984682214177
0.989274802226
0.984874795809
0.985077272809
0.976117792269
0.983350363202
0.984366015271
0.977260990112
0.988962013872
0.98605073279
0.964818308509
0.956156824701
0.956814039785
0.97178266631
0.952431574353
0.974570135099
0.959555119073
0.998660992085
0.984707618872
0.96231096787
0.97092531641
0.970707304812
0.958985195479
0.962924141898
0.994299103424
0.995954672787
0.994385512256
0.99436168607
0.991033385902
0.986985205924
0.993859629704
0.949582204673
0.989363331254
0.982883259055
0.983361730534
0.982820092829
0.979815605841
0.959946122372
0.966513629138
0.983720551032
0.959787402703
0.998855839353
0.99410910019
0.983721792157
0.986112263731
0.987348184466
0.989914943877
0.984470758738
0.987874186021
0.99146576262
0.987941000906
0.988573616493
0.980981489329
0.987521321232
0.988691842937
0.977320026104
0.99136900292
0.988252460366
0.973209781248
0.973434641386
0.966442156447
0.975090239621
0.953011824049
0.986226657746
0.959777005453
0.996240717426
0.988058795163
0.970653444835
0.978139424274
0.977541061585
0.978342668121
0.972868667849
0.973687400244
0.981099553467
0.974014170732
0.988305494089
0.959496536836
0.970330786005
0.974868757094
0.976503338171
0.986680021161
0.984324631339
0.96402997549
0.976385490313
0.93783434092
0.977880325887
0.965641459636
0.985134597742
0.959668960579
0.996773669446
0.97167209237
0.958357553801
0.962095235128
0.948708868559
0.962325847968
0.96572847391
0.987907740388
0.991650317461
0.988050526063
0.98828061023
0.98116165625
0.983701392751
0.991048535738
0.955066774633
0.978877304864
0.974610839083
0.963868549239
0.958493399507
0.965629792281
0.955280327204
0.948880562381
0.957814146073
0.958060338526
0.999079570566
0.987370379219
0.96504824746
0.971537807196
0.978023456056
0.980165787059
0.965014373053
0.960172687286
0.970868923561
0.960365441534
0.980896852237
0.94109709044
0.93607077677
0.907781524507
0.95048771655
0.963835874756
0.968100627545
0.925807559803
0.91924880305
0.901135265766
0.978063243088
0.969292926404
0.990474483835
0.959767569888
0.998285950849
0.95611640589
0.909547267514
0.928518781476
0.931228342212
0.953693438541
0.932151107681
0.989450372243
0.992563527669
0.989374716919
0.990511663632
0.98347284899
0.986770112799
0.988226387571
0.905702530335
0.960460121962
0.950633926889
0.970927704635
0.96907771842
0.969532494903
0.921515404073
0.968700913138
0.971300588914
0.958446825286
0.998114040844
0.989917495293
0.970613821136
0.97429403997
0.976850330429
0.982719510805
0.971171019113
0.985995323646
0.990216834686
0.9860202771
0.986776919751
0.978122443977
0.976795149054
0.987407239801
0.954255064449
0.97220270119
0.969686741904
0.964787363258
0.995909177776
0.95978434626
0.949884661648
0.960073747848
0.974540828203
0.95939660359
0.99779927802
0.985818611502
0.96207331512
0.969223664599
0.981364989925
0.975040221011
0.964298597408
0.990941296504
0.993586993987
0.990948414787
0.989850590049
0.985874493132
0.985360946636
0.991723126065
0.987770128166
0.990677584714
0.990335059056
0.975115809689
0.965961766447
0.97389567881
0.983584084297
0.947227035861
0.954507829471
0.958059044197
0.999050679386
0.99151345708
0.972053740427
0.979393782061
0.984247611343
0.976676059409
0.974249976759
0.96903787313
0.978044103305
0.968939139803
0.972676656856
0.952023588954
0.960140537461
0.966551680082
0.954287913469
0.969217682158
0.969243542052
0.910711859375
0.90890688429
0.926041981008
0.965073419054
0.889053132706
0.979140637786
0.958455602663
0.995105965913
0.97023679749
0.918720804644
0.940178557093
0.92729431676
0.867462080875
0.911053886201
0.987214303917
0.991078557582
0.98703450793
0.987591584114
0.980064912253
0.981619279005
0.982669335018
0.977838778686
0.987597723863
0.985186410547
0.962488937253
0.961019736302
0.960321200499
0.968016956037
0.949755298025
0.944125026758
0.953907753009
0.997663750445
0.986192953332
0.964033387751
0.971847283448
0.969810839922
0.960010398049
0.962025609526
0.983600962871
0.988535948132
0.983529616263
0.983396376485
0.97449952878
0.95908993109
0.977974972118
0.943333462585
0.966341518326
0.965860466139
0.959675078862
0.939289586754
0.958452957047
0.940746218329
0.944727477675
0.948001801393
0.959959015353
0.997679526025
0.983334401162
0.955679235849
0.963215709527
0.968325228131
0.977632227495
0.957175655941
0.990361574749
0.993155562251
0.990295343467
0.990300413373
0.984810705827
0.989039623355
0.990712911313
0.953346515599
0.989202524779
0.984397308564
0.974995153061
0.985926870562
0.974985470493
0.975274619338
0.96046709369
0.983868539894
0.959275597806
0.998953124489
0.989970419697
0.975131559202
0.979902996609
0.979064564001
0.987384779675
0.975540274017
0.918039022716
0.918566961472
0.917412376435
0.991787887665
0.887942302402
0.777472859332
0.931197654662
0.848782749356
0.982205466525
0.983541410666
0.978596735955
0.977226327444
0.978299688044
0.984696706317
0.96786606383
0.98834900943
0.955041338204
0.983955260097
0.863550397165
0.961716196147
0.969222953024
0.947015037396
0.983872422073
0.968079013585
0.982646586377
0.987537459057
0.982778643064
0.988169203998
0.972748778648
0.983151867905
0.988336951299
0.950655043737
0.980078273643
0.975528465146
0.967442391281
0.97218754289
0.958190612447
0.957901158559
0.948037321873
0.981251447866
0.959053187051
0.998343754182
0.980773504057
0.966372956324
0.970036089282
0.964615329881
0.978059352776
0.966692308528
0.982049669176
0.987227992282
0.982091799105
0.981757113064
0.971916685401
0.967634571854
0.983881512147
0.948636154518
0.970943848229
0.969800287513
0.950760624872
0.930467593359
0.956351717741
0.954614928314
0.960554404529
0.97591548964
0.958092494425
0.998160705133
0.985034153231
0.952655851887
0.961400241731
0.966600882708
0.957189568023
0.950976146604
0.987592309158
0.991242029201
0.987672122438
0.989326070042
0.980594903807
0.985570790208
0.986850295155
0.986481639986
0.993691228028
0.992215443237
0.973817561748
0.971304538734
0.972479928822
0.986632619448
0.951296995109
0.981878563163
0.95969480264
0.997419594779
0.988484985148
0.971244241905
0.978265620883
0.981906593969
0.975099265205
0.971883927761
0.982235729317
0.987439440539
0.982384020865
0.983361751182
0.972333931576
0.972394139255
0.983394959166
0.948948802301
0.974400836704
0.970311493839
0.954080793231
0.945458107367
0.951972520638
0.944524989822
0.946402545346
0.974006653712
0.959779475648
0.997347798493
0.982258673228
0.953940601228
0.962205942371
0.96343321075
0.969877484739
0.954706908934
0.994941105515
0.996297038223
0.994986984793
0.994994847712
0.992039529757
0.991976455447
0.995436904283
0.80325993814
0.995339334601
0.970502468084
0.990362534489
0.982599993737
0.988130421275
0.978231699581
0.960707712114
0.978724116875
0.958913115633
0.998264242388
0.995112875647
0.988212990721
0.995842175375
0.987244152698
0.99123362977
0.986192542005
