0.975270648273
0.982511491111
0.975123865113
0.975159776499
0.933065766537
0.973830351975
0.976519156142
0.892628944196
0.91924999337
0.935280233226
0.917946886625
0.925729403392
0.93166462756
0.946580620998
0.935109254073
0.966987230275
0.935511388901
0.998614292461
0.975300373092
0.926045622654
0.941322830958
0.929413441325
0.932057758806
0.914753802482
0.950868186035
0.966866409691
0.950765429655
0.950834215239
0.886511532709
0.906361761072
0.972521318722
0.947858272554
0.941396365591
0.953075213807
0.872354774496
0.852033634671
0.880443114824
0.961224318525
0.909517433113
0.943266926544
0.939722227297
0.999669843811
0.948213969658
0.870397958104
0.908891591571
0.873634377778
0.84715226039
0.849270439923
0.964594586083
0.975566983248
0.964637500571
0.961564948878
0.910376501944
0.954793496939
0.968029564763
0.963886242887
0.965736431666
0.967930906947
0.909884260061
0.915724688866
0.905547219232
0.969846980976
0.95485607799
0.952989738449
0.936683198985
0.989759914596
0.96095970604
0.905946634849
0.932164714092
0.946406512326
0.91369235712
0.901738927442
0.967460947115
0.977018376747
0.967371756752
0.96697479075
0.916968677528
0.944949112305
0.969402009753
0.977858718726
0.970695631537
0.972082354359
0.922124310195
0.932810058997
0.91805309942
0.983264073259
0.964104391411
0.956022838221
0.936090778552
0.998683638138
0.968660093294
0.915885836348
0.934820940209
0.909432439307
0.91777041963
0.913383118911
0.987190917125
0.991052291584
0.987135858342
0.98671856988
0.964149989166
0.980206218284
0.983627121677
0.920713787709
0.942543928535
0.959275643792
0.96326292798
0.952939728584
0.96307361474
0.947563065554
0.957415396253
0.94752581976
0.938523982028
0.996557967953
0.986666649205
0.962747995652
0.96722709841
0.975740259475
0.98434750724
0.963009383058
0.981459781863
0.986616346101
0.981542769483
0.980790539026
0.949260558569
0.965119997263
0.983734127135
0.92343153628
0.93979312034
0.952524871851
0.937976643465
0.926154163185
0.942773054907
0.951942924922
0.956457797903
0.972620209658
0.935581840512
0.998508975268
0.983428209383
0.945501159684
0.954568613326
0.95675475939
0.953769396855
0.937660802387
0.978505172923
0.984959568075
0.978486713596
0.978902500378
0.941385002446
0.97557910182
0.977367098832
0.957538605539
0.969823786803
0.974102086951
0.941191097355
0.940976674191
0.94026014097
0.970726173582
0.959225429074
0.964756034659
0.93724814864
0.997775502015
0.978030017683
0.947639371253
0.955442654469
0.949018641189
0.956125017127
0.941321902087
0.991590247129
0.994002722396
0.991614796509
0.991674742302
0.975254317116
0.980547853082
0.98858058597
0.936949586417
0.967567023356
0.97437356545
0.975511693954
0.980593322382
0.975315939332
0.962308505195
0.97219148495
0.975835382559
0.941296459417
0.998245966023
0.990841171756
0.975818773637
0.97918640228
0.980531397052
0.989604270272
0.97615020068
0.983096706982
0.987946213163
0.983018259776
0.983895151291
0.95298215758
0.981571186938
0.981181665118
0.965311580761
0.977265674468
0.980432511817
0.956680520844
0.958441652234
0.956833227019
0.974527968601
0.95744091835
0.980008663361
0.936299187845
0.994261299623
0.983366831362
0.958947050432
0.963965518606
0.96736958293
0.965006071033
0.956701328008
0.970960763399
0.978994581676
0.970985592771
0.981252601057
0.925443505052
0.964154567564
0.96540197267
0.966269041072
0.970243651621
0.974346072458
0.938670627527
0.951975181987
0.938301462478
0.973122652194
0.964546501594
0.977779357353
0.938090364155
0.99606571143
0.968322375779
0.943075841441
0.946767498747
0.938543911201
0.942512272653
0.939832257764
0.98335579362
0.988421805582
0.98330957285
0.983577310223
0.95339997219
0.976645596101
0.9838869182
0.947591955301
0.952776340891
0.964856522942
0.949181650863
0.946715674533
0.95115681769
0.956235113526
0.956663241399
0.946829060521
0.937896105122
0.998644462407
0.982399452877
0.950089558758
0.958435214034
0.960555092296
0.96528909721
0.947566815678
0.979962040087
0.985611488463
0.979914219635
0.984355753461
0.947242779112
0.96581158146
0.981767928137
0.970978556125
0.9784499245
0.981387318614
0.954257879397
0.943984234094
0.96616621966
0.979261020935
0.972472139627
0.985920659843
0.936764406093
0.997065356474
0.97944379427
0.952696780633
0.959153898094
0.956675434792
0.960247995504
0.951009407942
0.986961158546
0.990830088332
0.986997796255
0.986377692977
0.963093824192
0.983223846099
0.98711674736
0.897682067101
0.922794422724
0.941920882051
0.957186890351
0.954747160021
0.957708380539
0.930826945462
0.965337483856
0.961832769431
0.939610694812
0.997459122129
0.985587626992
0.960864566143
0.965558145688
0.959016084754
0.979655660452
0.9568566695
0.980499407234
0.986351338567
0.98049181194
0.980423791236
0.947276750521
0.967460199972
0.978842285356
0.937665630242
0.945130990406
0.956399198849
0.948544769205
0.962548586693
0.949775463854
0.946909375047
0.965636745599
0.965028394741
0.937367139273
0.996833490604
0.979794435728
0.945202814305
0.955564161657
0.961719180613
0.961714740924
0.945723487874
0.990726860549
0.993378656117
0.99066531303
0.989956037931
0.973765597072
0.983664626239
0.98706437678
0.986482943047
0.98068960751
0.990075202449
0.973622554717
0.974207553746
0.972988625047
0.989231154021
0.97356038986
0.944557219516
0.943866982299
0.999037458509
0.989502527486
0.973299644241
0.975925445216
0.980994084334
0.981828344708
0.972622911908
0.964966975054
0.974946105968
0.964704938887
0.962959740168
0.909979508527
0.951483937164
0.95855681725
0.950119818416
0.952467099066
0.95616720316
0.880750222349
0.898598728383
0.896966605639
0.963539379985
0.929045596224
0.969198960977
0.935507148046
0.993205159907
0.966406193423
0.884693138521
0.910779293439
0.909829588439
0.850809821922
0.865774360688
0.981325192402
0.98685056281
0.981311313197
0.982109816953
0.9482701477
0.972533760182
0.974140594964
0.969789105335
0.962768428844
0.976169712392
0.940548314315
0.940931192047
0.948375546361
0.969779573421
0.958273151048
0.933962896737
0.930421967539
0.997495891213
0.979431546673
0.94587427001
0.955933410888
0.941969311334
0.949589791883
0.938184043915
0.976361989646
0.983581348863
0.976288028526
0.97570637704
0.938852324319
0.942272838829
0.972740690486
0.921121782296
0.928213137708
0.94889336676
0.929087768905
0.914063133265
0.93043564133
0.939046671541
0.94544869738
0.928813489762
0.940014975918
0.996599719669
0.975050439921
0.933763553141
0.941757377
0.951102707977
0.959134407558
0.926478504257
0.9861283093
0.990217648344
0.986149792716
0.986543670525
0.960744217137
0.983792410765
0.985503122317
0.938192458695
0.973406864561
0.974440918096
0.963151022699
0.973369186104
0.963843508747
0.973572595886
0.968055915895
0.977207407784
0.938956061793
0.998498210207
0.985073275155
0.962818497345
0.969393833298
0.961855892701
0.984284870162
0.962736414719
0.992845847919
0.994321541115
0.992784464286
0.992278713172
0.978936196756
0.955762081234
0.992096201645
0.977260031679
0.982090238393
0.991269341603
0.978400776699
0.980690034147
0.978474856411
0.985308069756
0.952020718309
0.982614740915
0.936789103164
0.997595366857
0.989415667638
0.979778538212
0.985651930803
0.981080032094
0.984779644882
0.979086383073
0.976254106996
0.983027224573
0.976272692379
0.983563166213
0.935794012238
0.975642729263
0.981658731406
0.939095511385
0.954844555272
0.962632099514
0.948951720565
0.949953593822
0.945794615656
0.952635141505
0.947302691416
0.971975975768
0.938486504165
0.997549850119
0.973141988114
0.953430313806
0.956381885894
0.952997640714
0.962890731425
0.947601835962
0.974145948536
0.981644056877
0.97410364874
0.973822954729
0.93275567013
0.956436215715
0.975968396617
0.935145266512
0.948102293106
0.95557816102
0.917345477255
0.907674403663
0.936785914043
0.950191214017
0.969967045381
0.964541878777
0.93554450628
0.997301446843
0.978023618262
0.929291805786
0.942522425978
0.950505559084
0.933785782946
0.917355764976
0.986418216662
0.990553254673
0.986374677614
0.986841082625
0.961974927457
0.982027332184
0.984949016473
0.981814930717
0.983526205164
0.987538520944
0.966359639034
0.963905950616
0.965601011594
0.985024166504
0.939100528495
0.973498391763
0.938452106866
0.996386737019
0.985606178719
0.966711931506
0.971970088901
0.976405542974
0.974600679128
0.964541866975
0.974994179375
0.982251273651
0.975180864571
0.97583747288
0.933618808
0.960733389851
0.970351455041
0.934726518279
0.946784775812
0.955796406762
0.924668454556
0.919834833036
0.933532550016
0.943067800113
0.959649764254
0.961864142796
0.937896179718
0.996141578181
0.974652843848
0.932026975474
0.946389923419
0.929051140682
0.945735654958
0.922644539181
0.993617504075
0.995282194285
0.993639883905
0.992380154611
0.980670685294
0.989200221332
0.993217554258
0.817849508287
0.965091451021
0.955459793738
0.984856550824
0.978528383703
0.983077333241
0.97606230687
0.958546019612
0.973633393451
0.945363012818
0.997219157755
0.993069969776
0.980097066265
0.984505642111
0.98765403028
0.990429544726
0.977847763813
