0.996219705937
0.997319976582
0.996252388826
0.996174450173
0.996166277855
0.996429309563
0.996076141791
0.990391690159
0.993048860248
0.990002837414
0.98922265252
0.988017649792
0.990801600792
0.988256584408
0.954024578924
0.998277608323
0.99449671037
0.999704310599
0.996168598214
0.98949579336
0.99071647074
0.991966267856
0.995893672656
0.989428589176
0.991591118938
0.994078832469
0.991586892985
0.991684169577
0.991481450708
0.987769722323
0.993404330403
0.994760383912
0.98797287711
0.989909814645
0.978726653731
0.99754386955
0.975788715111
0.976194350045
0.907403284773
0.996662625493
0.994432536814
0.999806510701
0.991483043506
0.977463497806
0.981713785586
0.983272925486
0.990990160007
0.978158892696
0.995397626972
0.996772156055
0.995357861113
0.995383795877
0.995336379348
0.994524306374
0.995535939773
0.997608581925
0.99713983867
0.996353504943
0.988304676748
0.986001229646
0.989138765218
0.987175173405
0.967203647839
0.997670234919
0.99451025648
0.998665516996
0.995239436166
0.98809347733
0.991020625214
0.993802574698
0.9960828393
0.98824171905
0.995312073811
0.996701304766
0.995311666065
0.995184457879
0.995272480778
0.995096874643
0.99526750989
0.998257591933
0.995197778414
0.996113107221
0.98816499607
0.986576432344
0.986995837839
0.986823299668
0.973195017689
0.997685386838
0.994473104271
0.999719187678
0.995257766377
0.987590870288
0.990111480962
0.991748389837
0.994575964171
0.987863590034
0.998039773196
0.998611944898
0.998023911585
0.997979178779
0.998006063024
0.997444449172
0.998160474479
0.994100402864
0.997548947265
0.995585205643
0.994963727748
0.993223908054
0.994769359146
0.993862420841
0.947507358008
0.997123544589
0.994491614952
0.999473641022
0.997953531146
0.994789770486
0.995626989891
0.997574540757
0.998206943334
0.99519324995
0.998437155503
0.998868417619
0.99844337732
0.998384595467
0.998409407202
0.998233811497
0.998235005624
0.995999721224
0.997614049511
0.996584582587
0.995689466169
0.995892555699
0.996168644286
0.995147015083
0.972138255899
0.998887360061
0.994558260737
0.999747429494
0.998331558579
0.995576373089
0.996243606116
0.997064727433
0.998395365567
0.995866508656
0.996529817018
0.997571343947
0.996542598168
0.996451151449
0.996497085199
0.996290672307
0.997134744731
0.997511234604
0.997662315923
0.996847778664
0.991324188276
0.998605244254
0.993649597918
0.990004990836
0.959801787719
0.998082560191
0.994454011492
0.999588626789
0.996447551593
0.990953134589
0.992809153954
0.994788848606
0.997240117205
0.991280418177
0.998666328666
0.999052203881
0.99868034878
0.99858551472
0.998648556536
0.998344067241
0.998543151579
0.994390871708
0.997939275943
0.996844486993
0.996460961699
0.997426464848
0.9965890485
0.995893002434
0.959795330741
0.998700609357
0.994535293144
0.999653340281
0.998579341631
0.996381010012
0.996830996368
0.997796638513
0.998574621892
0.996618778431
0.997392571676
0.998156565332
0.997384547888
0.997204376516
0.997350090674
0.99734902182
0.997649212669
0.9974716499
0.99773075556
0.997170308881
0.993137258026
0.99424888054
0.991624503895
0.992051325564
0.95671965419
0.998910269488
0.994481956423
0.999159013445
0.997337627494
0.993043017429
0.994451024271
0.995764873687
0.997776555896
0.993010912247
0.997219363212
0.998017078116
0.997226543267
0.996946794993
0.997171996788
0.997457166393
0.997257434514
0.997638156182
0.99744211097
0.997128673692
0.99255732505
0.998570905469
0.991295325754
0.991654053574
0.958347503488
0.998853605802
0.994416035815
0.999290674143
0.997110835876
0.992558967687
0.994000511892
0.995178326442
0.997401060154
0.992923883944
0.997381130516
0.99817261704
0.997389305317
0.997242877839
0.997341818023
0.996696153188
0.997458664538
0.995077581377
0.996239631054
0.995229139963
0.992869815222
0.994367511399
0.991708245037
0.992057003239
0.955094708442
0.996994162876
0.994488202351
0.999731288862
0.997332023984
0.992755511492
0.993946832203
0.996134960093
0.997334074287
0.993196400627
0.997817867879
0.998431403061
0.997816556151
0.997668410414
0.9977808739
0.997497013416
0.997096274363
0.997919630068
0.99741838359
0.997654156994
0.994030780109
0.998291610055
0.994006758119
0.993605234959
0.959678427899
0.999233377621
0.994457099366
0.999675225871
0.997755692368
0.994020240663
0.995112900039
0.996590832176
0.99801094182
0.994191220931
0.998041787352
0.998613276802
0.998045635726
0.997844376776
0.998022559609
0.997696817199
0.998003990661
0.989688633472
0.995582982853
0.992552689804
0.994841909535
0.996382260915
0.993808271881
0.993001476662
0.966585071984
0.998064123678
0.994409495049
0.999569565431
0.997919061598
0.994833987497
0.995434286004
0.996633907347
0.997867793586
0.995180210806
0.997073187173
0.997927480159
0.997039553046
0.99692391492
0.997012418533
0.996479070557
0.997289249319
0.994942204739
0.995275471545
0.993664692493
0.993006671297
0.995558669071
0.990892331919
0.991905914231
0.958675407937
0.998106889779
0.994478432521
0.999337941987
0.996993208557
0.992217910104
0.993521727689
0.996196076907
0.997279184273
0.992664640865
0.998734573292
0.999081834878
0.998712824323
0.998602919344
0.998718460678
0.998015869408
0.998509637195
0.999053923782
0.998654429632
0.998628860435
0.996682750398
0.995676130517
0.997146196923
0.996020843118
0.978052644882
0.997005257788
0.994577023928
0.999860666753
0.998550744326
0.99652813072
0.997236090169
0.998286441799
0.998836823356
0.996637725696
0.996452187954
0.997491503856
0.996441515178
0.996280600516
0.996404758022
0.996868290184
0.99600709974
0.997174408351
0.996106545366
0.995968884484
0.989914032899
0.992823239917
0.988368964343
0.988866983127
0.971416190664
0.998590494646
0.994467536571
0.999073168592
0.996387394904
0.990200517122
0.992080424019
0.992286851779
0.996460290785
0.990149667544
0.997915367105
0.998544544198
0.99792844229
0.997748372051
0.997884765988
0.997285369379
0.998085423389
0.99815022159
0.998075531547
0.997746853186
0.994370332634
0.99550287622
0.994525230743
0.993746537396
0.973966853254
0.996863071426
0.994454603748
0.999567281252
0.997830357257
0.994397717304
0.995384030932
0.996201638351
0.998102223105
0.994189336152
0.996722612922
0.997707506678
0.996705905563
0.996481006923
0.996686502861
0.995572607917
0.99656183227
0.99370792862
0.99504001693
0.993557114479
0.99167758923
0.989614588904
0.98946791983
0.990128289242
0.926103172044
0.99603069877
0.994529064644
0.999493231976
0.996531878551
0.991194287966
0.99271874025
0.995649952675
0.996805337
0.992125096675
0.998080131806
0.998657131883
0.998090522707
0.998035866322
0.998067443337
0.997866212994
0.997988701456
0.995469957432
0.997575875425
0.997042783775
0.994959314243
0.995358852193
0.993888396141
0.994246456862
0.964162842612
0.998788849643
0.994471939672
0.99974121764
0.99805405692
0.994788316046
0.995649239451
0.997062053124
0.998052820101
0.995062074864
0.999381981805
0.999512441846
0.999379771054
0.999223197187
0.999373069055
0.998619567503
0.998934320135
0.999063645026
0.999421502794
0.999314540474
0.998207289157
0.997954697706
0.999170454629
0.997891982057
0.978273513723
0.999361531336
0.994637161225
0.999826173432
0.999217098132
0.998262767185
0.998535258367
0.99873151336
0.999386682343
0.998285115806
0.997414262261
0.998164749504
0.997393685967
0.997277693699
0.997372342832
0.99745591875
0.997751723468
0.994734173215
0.996823305513
0.994965651069
0.993275419212
0.992040800841
0.9925313491
0.992079506993
0.952038763684
0.998648786044
0.994422114634
0.99955170608
0.997328694282
0.992998270674
0.994204937341
0.995486316314
0.997506357312
0.993384962227
0.997611464986
0.998301677398
0.997602518236
0.997456034816
0.997574085349
0.997480604019
0.997767066054
0.996619536956
0.996424842062
0.995672616625
0.994069967403
0.99872844695
0.993561181315
0.992675486395
0.967339820364
0.998442109723
0.994531162677
0.999657499285
0.997518754501
0.993662146421
0.994752396539
0.996474937141
0.997565359909
0.994311117795
0.997854996706
0.998482529004
0.997864814629
0.997678635654
0.997814104131
0.997372127322
0.997883428045
0.998684775696
0.998575250277
0.99844286193
0.99464898916
0.998004101591
0.99361406512
0.993682467476
0.9460021665
0.998586303321
0.994467689038
0.999412282145
0.99776252434
0.994394349664
0.995744359037
0.997218177723
0.998431595666
0.994731202105
0.996219933891
0.997332007853
0.996188527691
0.995915549043
0.996158596796
0.996267621615
0.996482470719
0.993772029395
0.995563459981
0.994129731839
0.990389884322
0.994980980739
0.987588392847
0.988682014298
0.974027505772
0.998030003673
0.994409280847
0.999360933928
0.996051398334
0.990253093052
0.991618586243
0.994254736492
0.996447943886
0.991095076075
0.999055516191
0.999298678552
0.999058102182
0.998827255148
0.999050543708
0.998542272028
0.998920333225
0.971467086026
0.999539095606
0.993704169089
0.998238822418
0.994887542815
0.997279186476
0.996596141195
0.940957567134
0.998410023617
0.994388935607
0.999452035746
0.998972724179
0.99797062204
0.998114414883
0.998023478876
0.998627246372
0.998183482145
