0.869227372285
0.894107150098
0.876196359313
0.863084089959
0.814390412335
0.855474557764
0.702342998651
0.659256947787
0.771742952895
0.788113369825
0.775742020955
0.787722768303
0.802447397212
0.837388130453
0.88536707866
1.0
0.996118297688
0.97208501985
0.875125834084
0.776263614241
0.810391157585
0.47566363295
0.787316014118
0.766465718131
0.719895642383
0.72232512304
0.547840770244
0.543022281568
0.144168997045
0.580712309504
0.516356013296
0.591581478523
0.643244017788
0.720382041539
0.564551182364
0.508281363348
0.105387283896
0.775480609261
0.586659062315
0.934171733306
0.686280572376
0.9427044371
0.562534941183
0.602178289637
0.628573431924
0.208770712977
0.553039482176
0.55228902109
0.621973293941
0.622131807816
0.626245247239
0.772087618862
0.548447643096
0.53623961741
0.256411642168
0.684365160959
0.806272435047
0.543102427633
0.631576795679
0.625802426453
0.532720418693
0.7480419199
0.88085380931
1.0
0.531916428911
0.57093644069
0.629073545821
0.573840221406
0.568637871645
0.67916000742
0.519923100556
0.614997333742
0.755618510407
0.808210125376
0.749506695417
0.782473806263
0.689079341642
0.89222603034
0.661116393469
0.894927844106
0.874245266172
0.795058085281
0.751781141225
0.800956364951
0.760557943221
0.975232871351
0.888778935787
1.0
0.999787320686
0.823098285972
0.738620813929
0.739523650437
0.732958544278
0.439439849632
0.77915276065
0.736607416485
0.903763377713
0.914629316797
0.898179131258
0.903935609052
0.848190998229
0.933659473725
0.69682422654
0.767460478703
0.841507252702
0.812300208605
0.83054872789
0.864011450117
0.828586190852
0.878721284693
0.932608772126
0.952101199523
0.998383397503
0.915810531022
0.879881153356
0.83918723877
0.850710451912
0.630173400472
0.909295441426
0.830044655109
0.805453172079
0.755037862402
0.787088081346
0.806214384272
0.711009534943
0.838045576384
0.558038058961
0.346947367314
0.556607274392
0.647147956762
0.569743299865
0.739518219164
0.658665720889
0.825526967257
0.919466088226
0.719372414566
0.720828353824
0.961222667854
0.798880153362
0.632986594219
0.69591630441
0.465525031672
0.575247106929
0.524840899415
0.806594596872
0.805156961414
0.807903572044
0.802229269997
0.747276590072
0.788278231426
0.509361218982
0.84963707208
0.873922927226
0.879889650595
0.834786487186
0.752882749532
0.78817890849
0.795196748095
0.806578215561
0.816335442717
0.933804526183
0.898645014223
0.800538141126
0.830553397551
0.771226902886
0.534424221915
0.771287288239
0.840308280243
0.931311717598
0.943930615921
0.915940437814
0.937949955789
0.887714782202
0.947282867617
0.793357804783
0.821202788391
0.90090625593
0.872864099198
0.889989663249
0.904610788951
0.87696631101
0.869020864686
0.966875334155
0.972974653688
0.870782041755
0.966517103241
0.909598887967
0.879820940101
0.880176949354
0.85191602768
0.920381316777
0.885539567983
0.893538066465
0.920577847912
0.89490769828
0.911217673636
0.833961080371
0.932469445144
0.926646259274
0.884884645916
0.907151999481
0.884461045162
0.846616451329
0.865660775801
0.856051712418
0.932534621305
0.960770432313
1.0
0.938179136902
0.955647564135
0.902167382497
0.847781155512
0.841171340518
0.57319543885
0.89108701951
0.846246553177
0.781679784828
0.825979756677
0.778863018135
0.867886377832
0.696517445287
0.957780136647
0.877525368259
0.873145743261
0.837803802829
0.802960439136
0.786346693546
0.86753233812
0.671443407392
0.864024308389
0.96434712628
0.99995972626
0.996503827661
0.798158912509
0.821049021571
0.727834490697
0.767553308492
0.340795477887
0.818190062756
0.79898679649
0.861152642828
0.900571843879
0.877242113524
0.904710365001
0.77090807985
0.909148149922
0.864876814623
0.825721497986
0.834822946589
0.807175296146
0.830912387532
0.838088223535
0.813624299123
0.889360668298
0.89184985073
0.97380714036
0.973303239705
0.961123918626
0.863731764394
0.818239378366
0.796785674113
0.762311173088
0.862566665677
0.828370347891
0.909026065821
0.94104219481
0.872090177624
0.813603468337
0.7007877189
0.714091233769
0.68826248012
0.706018130348
0.740488122242
0.808812302595
0.680396594562
0.685967522783
0.691627389479
0.892438332165
0.950373865548
0.965665788061
0.976491429463
0.821503222194
0.882118065109
0.724020558506
0.727122421434
0.646237949632
0.681377569915
0.680442943713
0.926986754057
0.926256257304
0.896874232085
0.909835513434
0.871210307222
0.925042407356
0.625848237858
0.6854008567
0.813907751213
0.796013594296
0.806225479753
0.884010757161
0.851548030054
0.897626489559
0.880428225826
0.959375294836
0.863856540691
0.982522812105
0.909458420042
0.851680566364
0.819176986239
0.536225942249
0.876059031994
0.842041726013
0.85049181995
0.803192714436
0.852058790181
0.796642583411
0.755243875404
0.861372653455
0.735890860411
0.783768946888
0.761830981911
0.763980335663
0.804135595229
0.842612267644
0.765322582999
0.920336462163
0.798436690219
0.850478046657
0.829306840012
0.841560262494
0.820334328385
0.771845303917
0.776377339612
0.814317340104
0.867183796353
0.801719632036
0.961311219193
0.964852388282
0.959141279487
0.931267421159
0.939164752892
0.95739992858
0.943066597944
0.911983475492
0.918927562006
0.926870373751
0.883092924871
0.888567240664
0.92650171672
0.945512679778
0.859174136986
0.994962484996
0.90219429334
0.973644027481
0.913588523103
0.86568456701
0.916054541035
0.779835019337
0.904112223305
0.88384448254
0.724526463203
0.715483638015
0.679008114872
0.873485802107
0.613438506621
0.887238889469
0.232202890815
0.850196028559
0.834432590016
0.638113962384
0.648146317194
0.719212229165
0.643556646022
0.833755684312
0.735932910438
0.864479150218
0.942362859274
0.632644444554
0.750955459243
0.68647633922
0.66808538335
0.328391168686
0.569638436179
0.707267367878
0.78474986001
0.810055230633
0.785191968266
0.807557723646
0.753178843614
0.894644221475
0.888526962
0.835858595534
0.708352021366
0.794230972981
0.699656063028
0.819931302001
0.726204308635
0.892031456703
0.850090505813
0.936015304672
0.791435652263
0.818795065159
0.81014295208
0.703776057709
0.700757942533
0.274485288689
0.767593226128
0.755895829365
0.818131972681
0.749830905063
0.830077365694
0.870850243286
0.725507146393
0.874234596896
0.594736839228
0.766319852027
0.816186744303
0.816622377457
0.809529891409
0.776258628269
0.711852862899
0.829645876178
0.860495046089
0.841386477415
0.802767568483
0.901478894426
0.818064599991
0.714416518443
0.804787066653
0.787504457076
0.863374871738
0.798795105357
0.858485693123
0.884159139359
0.850887089115
0.912142822042
0.736856224205
0.936589646217
0.878338789587
0.499861191173
0.876210818682
0.884535390475
0.861875294623
0.922618169302
0.816584371457
0.955809432516
0.893724146253
0.876494970536
0.988444149427
0.880953569508
0.848768652024
0.859254010631
0.824030263867
0.525605748348
0.898216540588
0.7989080343
0.964095311812
0.959852510897
0.947410850351
0.937437067039
0.929894700578
0.708170276379
0.888392773201
0.655023182636
0.950172875802
0.918771512709
0.857192252398
0.940298932647
0.912469581945
0.969632955875
0.917216701665
0.897477770011
0.996661166518
0.957079099111
0.955704095639
0.906328807535
0.929784086012
0.915049959337
0.868601794686
0.812944090461
0.913829940945
0.920900672894
0.913409060075
0.888347625732
0.828853984979
0.809706437438
0.653319833426
0.780048875668
0.843255164446
0.854308634956
0.829358586314
0.868859075492
0.825482859637
0.898821682152
0.909697497759
1.0
0.999486313355
0.975250177435
0.909292363213
0.838522185204
0.867213214074
0.796597957081
0.866161522792
0.826956418652
0.863874177716
0.831642414995
0.863197399197
0.843440470594
0.780273568874
0.873608516515
0.664771044324
0.788305747793
0.810732917457
0.820543921492
0.75910246806
0.715686580643
0.762171351059
0.754333910243
0.774894305071
0.889675007367
0.894080677786
0.944661371596
0.820367987757
0.733419140418
0.780100132143
0.658473715465
0.767293152352
0.745636074424
0.901978254193
0.868375635055
0.882573475479
0.922131808813
0.791163165377
0.934953066492
0.731943988173
0.914656133211
0.922303764657
0.900905864051
0.858406743509
0.875913122501
0.792438442797
0.945909049547
0.853429607054
0.973089367478
0.903838607738
0.940617109666
0.874102671184
0.839365344323
0.854111565453
0.67398291604
0.883283068397
0.803653155944
0.76030149385
0.854936306782
0.832800231283
0.886176820453
0.681821925093
0.93568020689
0.352460781556
0.715812951074
0.776522925971
0.78553209343
0.756740078115
0.67371681151
0.719728306175
0.823930131637
0.914890301931
0.836482476405
0.805954289756
0.93283016027
0.773307640411
0.732872306919
0.700047353758
0.259480165452
0.850124893959
0.748912933834
0.815425382748
0.85231343105
0.893638688123
0.78003046979
0.865707644541
0.966450733823
0.947345433906
0.403733906469
0.772031381611
0.708969225198
0.917304857824
0.908579164484
0.939077507213
0.944123003087
0.965085169489
0.987420011118
0.790527733862
0.877676304363
0.912861277452
0.951634608987
0.895369534574
0.857630130126
0.974000340236
0.926308626317
