0.906247097084
0.918073309617
0.907685037164
0.923042541549
0.893326407644
0.89677976921
0.81060557283
0.77034356931
0.859942879254
0.859348395066
0.854771182281
0.858400160973
0.857541611479
0.945569507371
0.922230804719
1.0
0.8538554419
0.98341724527
0.91867536885
0.855667911563
0.867052405298
0.499821273293
0.902290266237
0.804409929321
0.959602241906
0.9621354677
0.964894643685
0.927471147444
0.883941667962
0.881764665703
0.80858439095
0.916088567333
0.934674335229
0.935651674315
0.893708340005
0.830058223307
0.880442700985
0.943144081841
0.535570798387
0.87709694449
0.976276997738
0.972949467832
0.891747726489
0.882691823703
0.915923188325
0.286359087827
0.873344691434
0.877090510749
0.827329503067
0.831585167574
0.854223031836
0.861564461477
0.796595931644
0.592491011963
0.944103554886
0.957379539816
0.932762107856
0.856304706968
0.875964356205
0.888434847443
0.808605912607
0.923454050201
0.892471624136
0.843864554987
0.777705822326
0.479319350567
0.807136292164
0.903981557875
0.694355570924
0.509549699903
0.889112541464
0.898658761095
0.795723011958
0.851676921191
0.855660602999
0.90657932437
0.802685469219
0.926095525769
0.655557670695
0.92854973718
0.791313365503
0.916575560209
0.828020063201
0.857436821982
0.779499912604
0.981701445032
0.930891142239
0.857909138631
0.88948013973
0.942374573384
0.816801360187
0.836377914604
0.828476655952
0.837093747751
0.86221513649
0.779464813399
0.927508359327
0.937448205184
0.928156617769
0.932199060694
0.909643392702
0.879241356622
0.912808327945
0.860460902039
0.908454160618
0.888409522514
0.88885981134
0.881466368013
0.904975900723
0.936482397238
0.928456352259
0.989021416414
0.979173943733
0.943527504673
0.921495741481
0.890770210664
0.889496294641
0.908674101722
0.937028416134
0.894898341925
0.925863085886
0.934795089214
0.924486102612
0.930594420463
0.909522968507
0.957110225334
0.832102142872
0.837984335654
0.824437840801
0.871786930309
0.831256190525
0.968351347699
0.891033485
0.94541914623
0.950248261817
1.0
0.95961989758
0.971337040768
0.925052300621
0.858677849803
0.880913757203
0.752271691683
0.896781636101
0.844489102802
0.830229552756
0.836051121512
0.829612699983
0.935937855957
0.81976232048
0.827845491495
0.623293624342
0.934934400797
0.939774116131
0.818539720319
0.893166713274
0.858759688434
0.815160787173
0.907553506369
0.848950686622
0.84835814556
0.81443201765
0.939508902946
0.835587230434
0.864223211712
0.80390067622
0.800334389219
0.901888314892
0.848990465092
0.951301317605
0.962576341929
0.934054828639
0.958165460423
0.938568776978
0.932865903588
0.931427977449
0.884575530488
0.936600496053
0.917933183129
0.922172049393
0.945013653988
0.935004259849
0.945184493022
0.936847266046
1.0
0.978512322665
0.942694570088
0.931326983433
0.923892444188
0.931089314585
0.950889449143
0.951790079224
0.927291317777
0.902710598507
0.887093305098
0.903463900844
0.840162805799
0.915991203698
0.977318607359
0.938635989733
0.917763634759
0.92788415641
0.910674489836
0.894365726954
0.90814848305
0.866479666457
0.944505232924
0.872177639375
0.925300679591
0.88170698023
0.98207115303
0.888206856665
0.891663321397
0.895715724132
0.748803979984
0.935933227746
0.886941574159
0.826115854841
0.836811005041
0.791492231066
0.880961274594
0.845603474392
0.982860481742
0.920832403121
0.92762721714
0.885880460024
0.91585853264
0.863595411906
0.916244676095
0.842475884548
0.970314227171
0.886808044987
1.0
0.976690453002
0.956110072284
0.832878510962
0.773441842219
0.864418627346
0.912897116087
0.853390783585
0.87650455477
0.906224555394
0.931740322817
0.907551360435
0.932636497307
0.874580434581
0.871563598298
0.939254176685
0.894845299455
0.913530144513
0.904840647498
0.891599474865
0.870236884216
0.841868941875
0.958443709755
0.939835854348
0.91419327958
0.926245854366
0.902692182154
0.886890136175
0.860111086946
0.854129933391
0.883527001602
0.92895470322
0.880382990946
0.982841372218
0.985275789186
0.982370913226
0.975992162507
0.976462201551
0.971860869994
0.986784325273
0.963337886079
0.973428558303
0.960008810432
0.957231085892
0.958285212031
0.951225234318
0.947996767692
0.945164308388
0.996997961171
0.979020977479
0.975503278972
0.985277801147
0.9626257762
0.959933819536
0.953910132293
0.951502246104
0.948092329351
0.945208496561
0.95374614697
0.945266826262
0.93694010622
0.860280002128
0.956879817728
0.795036253087
0.787207817838
0.873954389274
0.844227895301
0.870056495541
0.888770147344
0.894586832049
0.894821328699
0.833320923793
0.989899511684
0.911451005437
0.974958182839
0.934011912596
0.872908370754
0.877195637348
0.794694721105
0.922316837443
0.879600837684
0.828457199406
0.900098035497
0.829899685347
0.895460886489
0.894883569962
0.937738919479
0.923660769236
0.869532524588
0.889903957383
0.822923121682
0.866146224429
0.938326771794
0.819050639907
0.944870841222
0.900150447841
0.852835863179
0.981499881107
0.84625471942
0.855635219483
0.867698233315
0.858093778117
0.895638979029
0.815522964244
0.872613326203
0.983607461211
0.987686909476
0.972627365045
0.973343679762
0.978951104746
0.982232560656
0.916496600577
0.955917293405
0.972203129897
0.967984520949
0.946991557949
0.943240970861
0.96768044544
0.972874365516
0.903718530206
0.994354285861
0.977966605146
0.986368223031
0.976636464147
0.942133131541
0.963589989881
0.945450061432
0.951603459971
0.952698681143
0.846596682657
0.883311992382
0.845506913007
0.890474469687
0.839707924695
0.937197249759
0.683979136314
0.919729730488
0.916628318956
0.892902787752
0.844612733847
0.857950864536
0.847187146812
0.978204909802
0.909809603936
1.0
0.734494208848
0.829889460621
0.83314645457
0.862656912653
0.838967528951
0.799128200221
0.867951889119
0.801104709487
0.854717126383
0.92503641853
0.893334816088
0.899226705224
0.876561163598
0.885381984588
0.778823369613
0.790402320516
0.793483033507
0.872091876681
0.851750139474
0.818213927613
0.84432823708
0.927950722144
0.784295856421
0.934631546327
0.89055556328
0.954314176806
0.898361524044
0.857920365689
0.86431135902
0.715531238447
0.893374345441
0.852784111753
0.857397602165
0.918004408757
0.909890486685
0.907545960792
0.781217217759
0.857854781924
0.716868235211
0.817236558145
0.899288950147
0.870586933021
0.838822498428
0.71604792983
0.799476961537
0.923824518217
0.768791821496
0.989379427121
0.993471085528
0.780020136136
0.792740344312
0.763135546116
0.815541914732
0.753681788322
0.810888561932
0.876252800683
0.913397517123
0.927082191482
0.9134410397
0.927828169449
0.884382051289
0.917127809643
0.539652070482
0.82937323135
0.927784309785
0.918975040883
0.918824518461
0.90546306917
0.832711508936
0.9702190249
0.890430264958
0.999989327747
0.984267470829
0.953232322318
0.913495254474
0.893674824626
0.889644478844
0.816805372525
0.920819402221
0.903276742047
0.978218887049
0.981817313898
0.960069701678
0.974679412527
0.976020273915
0.934479320171
0.983094409054
0.967943815932
0.97886527086
0.971550055432
0.95283352427
0.973985554539
0.966842738094
0.976899415176
0.96062773839
0.98732230758
0.999583988247
0.983398654188
0.973947323618
0.957331598998
0.966022606086
0.964858496426
0.95403390887
0.952657566263
0.959937579574
0.966249937685
0.961203680056
0.937537639309
0.937427709679
0.964936229035
0.940758535439
0.888935224784
0.922100378511
0.921770537572
0.907278384242
0.938909933487
0.908365551756
0.939646141418
0.969403483229
1.0
0.984891880141
0.991138306604
0.947605516534
0.884210338701
0.922346966646
0.860373337351
0.933957336408
0.90603722413
0.947537751369
0.946794490322
0.907711043354
0.901996720493
0.919028336029
0.980893514376
0.863364206757
0.896424864264
0.872266764696
0.907087790726
0.909465415323
0.909677849814
0.907793625874
0.967902138447
0.933855708517
1.0
0.973434005865
0.971579372959
0.939458396333
0.891521420641
0.88268988564
0.850262248742
0.909227409115
0.881451773721
0.91620643055
0.913422513376
0.941228075336
0.907758828404
0.924183198287
0.862324609987
0.808624731874
0.952971320003
0.932962552574
0.911733056843
0.882687457091
0.902518250789
0.909383549253
0.978797333477
0.890401620979
0.926722295739
0.954757458357
0.908453183116
0.906524813879
0.892907878302
0.910783180349
0.893732023748
0.834251808857
0.911254648474
0.888220945432
0.735646833257
0.888191125275
0.920922067582
0.866745319003
0.924087384449
0.637070451238
0.855944936432
0.892375602641
0.874395528269
0.867163835257
0.878031155245
0.811450714932
0.947853131806
0.938671945741
1.0
0.887743183207
0.960145272825
0.794768815687
0.820049899177
0.822222165085
0.823684406239
0.878693029578
0.855352471062
0.886934774838
0.903848904415
0.931540627029
0.982427071792
0.936974691387
0.977700201784
0.888982824508
0.561145421543
0.974360502637
0.964457893656
0.958466772159
0.969331684093
0.937056792356
0.970785282745
0.951974393575
0.712963218319
1.0
0.895071119479
0.96052615156
0.933796742611
0.945464179771
0.885318063607
0.977977449344
0.956887696159
