0.942495420548
0.959155312011
0.942057440166
0.941310181503
0.796358256431
0.937318374633
0.944370631209
0.779450564003
0.783790920684
0.860333511878
0.799996967891
0.829667665424
0.831940931301
0.900658383107
0.943986060875
0.898960895892
0.799947461665
0.996476646315
0.942238298356
0.823077758213
0.865499602713
0.804738137595
0.799532746376
0.789199875338
0.884214670204
0.923261888549
0.88456752846
0.872590902047
0.663201229649
0.778815803858
0.951854902567
0.871846570111
0.839885822378
0.89263866228
0.667854789471
0.635622665003
0.717532772795
0.929253096455
0.888122254366
0.823536454517
0.800022709527
0.999435418492
0.875996449121
0.682836242858
0.791408092825
0.63872613039
0.590872464847
0.567830714079
0.931572810566
0.953406810857
0.931733572578
0.928340873134
0.768940041813
0.908852328788
0.917204962322
0.936863499343
0.913039106711
0.936575241354
0.841464921666
0.810058918689
0.798199625233
0.965239110958
0.960166844455
0.869545524086
0.800201349081
0.980932956577
0.927234248531
0.827931434462
0.864208376443
0.896253141153
0.853679563002
0.826127490742
0.929992579047
0.950663699606
0.929627609844
0.9218682801
0.76334994474
0.880474618253
0.927469213362
0.948603898579
0.920561262388
0.934096175271
0.804083875307
0.833009910517
0.803971667229
0.973083862647
0.948930691145
0.863200922918
0.799977750608
0.996572674733
0.928738764918
0.815909134694
0.840907133292
0.713745990446
0.782218881517
0.766746942678
0.970125810868
0.979165696086
0.969752794052
0.968132477655
0.889377921493
0.952903736815
0.95853946643
0.813644514107
0.814720593713
0.905170258308
0.911405678385
0.882126960997
0.907892508768
0.890862155117
0.983685292448
0.846276339015
0.799840855663
0.992242866479
0.967169952525
0.912152140595
0.91840029852
0.934051577143
0.963803986337
0.9097562956
0.975126692759
0.981999969421
0.975338640956
0.97577110025
0.903838989435
0.94684921829
0.978405011871
0.916361511674
0.895532903049
0.940796421458
0.922762489629
0.923841768441
0.924964302516
0.950493400695
0.959384317059
0.937093455073
0.800372977626
0.996548516664
0.972635682085
0.926343021375
0.937645456513
0.943767783728
0.927717658625
0.921211190562
0.947279843704
0.963177272385
0.947351782692
0.945162038776
0.812297423822
0.938190982292
0.942763153026
0.870826304419
0.892345099278
0.92643281248
0.834369615586
0.832111467311
0.853971764727
0.939908233123
0.948620910252
0.888425475993
0.799953688403
0.994193238636
0.946477452563
0.861476485682
0.87750845783
0.852314819962
0.881452648456
0.835428450323
0.979023316317
0.984984806738
0.979031565697
0.978159584047
0.918202334139
0.948763833894
0.966983001487
0.842925032025
0.883793523981
0.936019763948
0.935319591774
0.944168541979
0.93668828124
0.918899987714
0.990385650768
0.925749536037
0.800239680422
0.995585383938
0.976502521454
0.938572135141
0.945930895827
0.950586947155
0.975909453931
0.93597738186
0.959243399388
0.9708471823
0.958948573198
0.95899664776
0.851401232348
0.953843322811
0.951524545193
0.906978062635
0.918631543374
0.948146778358
0.884239339039
0.88266820823
0.880001038479
0.946387589066
0.949069898044
0.938663912934
0.800041572619
0.987761882768
0.959344631755
0.891670703636
0.895266725272
0.921630579167
0.901972057972
0.880025019296
0.956310451069
0.968643981048
0.956415734167
0.958206590086
0.837834971018
0.934141977511
0.941693847339
0.927375978971
0.911368114824
0.948325925744
0.870201616295
0.860380286794
0.857023666331
0.946596275668
0.932231315687
0.934872758443
0.799799192866
0.99270071259
0.95515036666
0.879380011912
0.891059222552
0.8942711608
0.876558758064
0.86104858528
0.960464664218
0.972452581491
0.960141899022
0.961075116949
0.853109185346
0.941965403738
0.958066107991
0.884741750404
0.856456428511
0.918413975235
0.87622882393
0.870278216156
0.890495780412
0.9237791692
0.984456661026
0.835283626085
0.800243113889
0.996447269671
0.958609960251
0.880669601658
0.895310059316
0.893123165915
0.901577138578
0.869312509672
0.965735599503
0.975277649398
0.965855538333
0.967268095611
0.87465734896
0.930490201622
0.970354419433
0.939826823844
0.938800582186
0.963670814882
0.908536930334
0.911275672724
0.980798912994
0.96432523107
0.991328700301
0.957942411066
0.80011265108
0.995289505787
0.964316290341
0.907911923455
0.908330436381
0.907681960922
0.923235433774
0.899967286526
0.969389471311
0.978594914723
0.969419258191
0.969018692665
0.885801959702
0.958507297535
0.96963561136
0.819577796393
0.795510670368
0.884102744876
0.902456629056
0.898930799585
0.903144413469
0.887014156644
0.984860930763
0.886969670213
0.79970910084
0.993790734487
0.966528997389
0.908627713753
0.918795678074
0.880372369593
0.955213912154
0.899118465603
0.955250917845
0.9688964456
0.955258891103
0.954942762953
0.84107591656
0.919965925319
0.942813787801
0.865813195303
0.848609905572
0.904139664773
0.881644205422
0.87085963565
0.887201103093
0.904154343909
0.985812376981
0.891832119742
0.800089179375
0.990457429334
0.953729290421
0.873346455431
0.896886624496
0.894483234957
0.901227708086
0.87329556598
0.98052686811
0.986130595338
0.980282329265
0.980488136513
0.925895024109
0.963595476359
0.965656658024
0.972835931241
0.936812910686
0.980188930472
0.948319132825
0.945060204085
0.941718974285
0.985800725094
0.980001721894
0.83997410675
0.800530876591
0.998175886689
0.973970980302
0.949148676508
0.942520522849
0.960248955941
0.967926068201
0.944072263132
0.944773820402
0.960812748812
0.944135211959
0.946994729375
0.80410793942
0.922909365889
0.93886203582
0.943614357123
0.922243373926
0.941088080392
0.86547898817
0.870878393184
0.835665666396
0.965239138864
0.985458554792
0.917354529461
0.799922349103
0.988312642371
0.943999392739
0.843192103998
0.81924599002
0.843715402544
0.813236762469
0.819989535897
0.968704467194
0.977966482664
0.968789227234
0.969960582488
0.879960535005
0.950537095242
0.957989343141
0.950126462245
0.905686852009
0.958466306448
0.901800794957
0.901328642762
0.919273653012
0.958819757836
0.986246262978
0.840761446995
0.799915286807
0.996742164879
0.966773831544
0.907063081002
0.918154087486
0.895005042314
0.915076807546
0.893157849097
0.950953986738
0.966314961112
0.950926511846
0.946785789453
0.829650562645
0.870327732999
0.939576223256
0.835576475642
0.807522375753
0.894010876604
0.838878794576
0.837639519581
0.860854178187
0.890322122597
0.946400964266
0.769583498658
0.800289281216
0.992831173117
0.945412300918
0.856594041102
0.867465859033
0.87817023777
0.896757347644
0.828676948357
0.970173741739
0.979168230053
0.970154653098
0.965503653821
0.88745274488
0.962218719355
0.970335056333
0.851364784068
0.915549917516
0.939478279009
0.909332353638
0.914628078565
0.919650009525
0.947767077229
0.987948383843
0.931710379355
0.80005155085
0.996427281715
0.968920841342
0.912687300643
0.927205554432
0.90460572938
0.956957302191
0.911342388645
0.990298837095
0.9923897939
0.990274356514
0.98881392548
0.959419888742
0.94858287295
0.982519659994
0.971827777673
0.941077419421
0.987129010646
0.968434029703
0.965284599867
0.968717047282
0.982371827169
0.985692686712
0.966752090217
0.800763373264
0.997311031622
0.986553097264
0.969164926462
0.970647955812
0.970292449601
0.977793498587
0.969228400751
0.959428583078
0.971245186916
0.958876210574
0.958690315933
0.848626123139
0.953621877096
0.966824672265
0.869378862332
0.863271549647
0.914187135043
0.870714687535
0.868577049215
0.884710979793
0.907912820413
0.979198129361
0.921944355805
0.800276930328
0.994024080893
0.957983892652
0.885139806485
0.905997412447
0.915773998313
0.896587195974
0.871057044369
0.962222639048
0.973409790558
0.962273850872
0.963295787103
0.861845478983
0.933626184133
0.962132256454
0.921875149533
0.910838578789
0.941767755699
0.890673316302
0.87554404305
0.918098445492
0.950819709285
0.988401670823
0.907874124399
0.800252674402
0.995324524496
0.960965553486
0.900460465741
0.914234459726
0.920417558708
0.91263870381
0.889551238041
0.966526246755
0.976782741147
0.966204003337
0.968112085266
0.877272923243
0.95439664351
0.961140684175
0.952044695664
0.939070908144
0.965277852057
0.913216278937
0.911576179077
0.927229613526
0.970229087662
0.958911881732
0.918933050876
0.799822373128
0.991140916231
0.963654318778
0.917405395669
0.922848907723
0.938868960166
0.938976182613
0.912092047697
0.940848911992
0.958134644359
0.941530298518
0.940980608887
0.794951532324
0.904076967667
0.91628068043
0.850168981652
0.842238734867
0.89624065682
0.806734885633
0.817131984756
0.842283697778
0.902055210236
0.994344322942
0.878725725445
0.80032476625
0.991477943401
0.938293591276
0.83371655905
0.870659388598
0.82171172432
0.841756056803
0.797840899905
0.984710639849
0.988533054593
0.984666872066
0.979213555337
0.937667020101
0.972422778714
0.982696343784
0.625612562032
0.874150149511
0.88161207764
0.959696630372
0.935405668301
0.953578363115
0.959482790367
0.988211786966
0.918174668213
0.80093253562
0.991536062932
0.983197421525
0.95552236456
0.959871215978
0.974203759352
0.977870440203
0.953400096946
