0.830839566651
0.854311586295
0.832538661075
0.836881962917
0.640928716084
0.898642550227
0.877470826756
0.608690423137
0.661076984392
0.695601610364
0.625294201536
0.686131562938
0.766109070904
0.841952590879
0.985854283347
0.954764511438
0.952507915112
0.975696009815
0.825941181639
0.678586770159
0.693295900636
3.21625416556e-14
0.609402035638
0.649573397547
0.167927480527
0.576758164734
0.167773782434
0.50367898765
0.100507189927
0.459090252622
0.750987635784
0.568806472248
0.601384676992
0.654895263582
0.448717955502
0.46465067547
0.329092875418
0.717613469223
0.765248921797
1.0
0.996550838181
0.910826909675
0.139657681149
0.485409406582
0.578188743885
6.73075655084e-13
0.489876205144
0.500054460819
0.56401849553
0.596163778672
0.559094657744
0.546988661792
0.419333076992
0.476541838144
0.508932338979
0.643788149182
0.598484322625
0.704823674214
0.442346785815
0.449466541073
0.428084743598
0.522863336273
0.510767038253
0.592742098267
0.547127946673
0.567675106807
0.562577249766
0.520979365772
0.521751889464
0.583522866762
0.418763931432
0.408957149202
0.702463867202
0.757279719285
0.707094753268
0.804825858748
0.513466879464
0.777966405949
0.256173269233
0.805825284919
0.824806194409
0.739187795533
0.654989730003
0.745804488955
0.607114766523
0.900789266495
0.991202544379
0.857304401527
0.748703847765
0.9326079545
0.72068567757
0.664554351982
0.646052114322
1.70649868891e-14
0.581651911393
0.486301849273
0.865473723739
0.874155525011
0.862490300175
0.8656054602
0.703944288046
0.873050536486
0.32369880932
0.667906004933
0.741252262108
0.738891183616
0.751033703842
0.749303512758
0.730993105242
0.865349862581
0.939409838679
0.863008350769
0.930337461902
0.935546347851
0.840849503036
0.762994383115
0.777702361367
0.549866409293
0.876847836851
0.759735097468
0.753529750006
0.791128641961
0.742568648954
0.734061736311
0.572536144545
0.808065576461
0.374676547602
0.309171489153
0.46311802426
0.519976500136
0.329082501617
0.514444498891
0.590970807718
0.818980627954
0.882735442504
0.974606747244
0.885185115662
0.95821738041
0.718531425975
0.501676063935
0.586830631753
0.233989892838
0.348855643547
0.329515884194
0.745476528654
0.825876613758
0.763007619545
0.755384385007
0.602316142061
0.788488209713
0.845668152899
0.814804120802
0.803910190856
0.650116136124
0.707566034089
0.676822582329
0.70167474232
0.935097673854
0.887628823697
0.999958985948
0.840089338965
0.859290942219
0.797411866294
0.733964471816
0.731692474356
0.709267503317
0.788179575678
0.739141767416
0.866272082107
0.921407701316
0.849476662326
0.880461568461
0.746900147859
0.90148561815
0.726057429314
0.753206533221
0.839283188014
0.829653084685
0.822853829572
0.897739597092
0.816903698749
0.887350259952
0.924594536063
0.959275876171
0.949630790494
0.916022369898
0.857255009198
0.811568259701
0.85541073555
0.707537118616
0.911358830563
0.836976711426
0.835551591945
0.860601153495
0.853105006181
0.876615503968
0.683263309965
0.824621588697
0.607904917249
0.829877117771
0.867952556908
0.805700359908
0.785002366584
0.802762343307
0.769922280266
0.921106398805
0.896935821405
0.924202521574
0.982640329285
0.955184717064
0.86004724786
0.751437268288
0.781655970971
0.352827095033
0.831237603024
0.796459637775
0.743486567613
0.743913575001
0.730020125954
0.7805449957
0.545030067968
0.918436695949
0.408487972788
0.830896031817
0.798054977773
0.520818744115
0.651911550435
0.775239573567
0.699336479777
0.87552584273
0.924495396358
0.909408140676
0.713513004621
0.927759630115
0.738027819556
0.676957989522
0.620291373269
0.130471487781
0.75467759676
0.661251843269
0.815020601847
0.867785077541
0.820395077656
0.818396296854
0.640838515735
0.86607535551
0.426952812477
0.77100295376
0.800504558979
0.75632225354
0.733846499097
0.740797659924
0.719673149033
0.853872558407
0.956015424501
0.86368870451
0.982421026181
0.968700978057
0.83673782968
0.747538335029
0.732452001015
0.374313356618
0.75024950616
0.746029907343
0.730031487627
0.879776566291
0.816905313758
0.801819204377
0.584034644551
0.687636324029
0.723368357577
0.678954948146
0.693554990839
0.738942829923
0.617970165525
0.696125615578
0.854424881115
0.846687280061
0.971590365351
0.962846773879
0.869361326354
0.908325798678
0.74323907092
0.65695055831
0.679789666245
7.96971566971e-07
0.640478000657
0.617146307998
0.894684471372
0.876384788531
0.895513735974
0.875720895525
0.640164466348
0.786564874917
0.530106218302
0.53833942832
0.657794239067
0.729163409854
0.752651990572
0.788642816202
0.724543959977
0.844963070085
0.980765431945
0.981217561654
0.97887268723
0.973671921342
0.866996193154
0.785849778335
0.760012725689
0.2103458578
0.845421293771
0.714301611126
0.815680735465
0.809910625245
0.795291704683
0.780380972541
0.635851467954
0.916837101869
0.800120167198
0.705862958516
0.741927236011
0.713522265791
0.712729088007
0.739292387021
0.717315159172
0.855032773366
0.902361405941
0.978257093518
0.831021688412
0.823247904596
0.77552741483
0.686713066736
0.722427451658
0.663519735562
0.730027086983
0.699513432624
0.949261620265
0.954280431952
0.947934181561
0.904229947502
0.843569118884
0.915701105958
0.789862482867
0.868122942554
0.910344031644
0.91395409046
0.831124240595
0.820488123812
0.85654556272
0.907879684285
0.917207618042
0.990199229514
0.977607223593
0.954867141701
0.899357644125
0.825535898633
0.887744338526
0.457198597666
0.871420617452
0.804922785298
0.652702731224
0.682290557939
0.649733271442
0.789662457742
0.436813425899
0.738588609048
0.455702789797
0.805641803133
0.729848710648
0.803911958406
0.143185444493
0.54158443869
0.530434673175
0.700913056456
0.852008415355
0.964728888458
0.995028828841
0.606371788996
0.638514351327
0.658473389256
0.526464135324
6.09400170917e-14
0.377313019773
0.362927283545
0.775653343289
0.805386234107
0.756741505809
0.809295951362
0.610021770742
0.785685165347
0.273634532575
0.696008886339
0.650902289868
0.726683344752
0.648062365567
0.656533124295
0.67701307633
0.815867885717
0.939186141378
0.617117813531
0.854946839649
0.823907254631
0.745650927468
0.627916347927
0.594004257044
0.272153335527
0.66906770987
0.635506996918
0.785241029382
0.788136632363
0.778278608792
0.694158988805
0.535022612459
0.724987013795
0.216700658875
0.651922804296
0.731446628139
0.755664341909
0.688173112516
0.587633115283
0.700196222801
0.761301224222
0.886977638351
0.998552388756
0.818025213759
0.805213438762
0.656859726678
0.648738920583
0.688048297922
0.172914753058
0.755063353462
0.666082917003
0.820749202441
0.845946059859
0.784842985813
0.896943267445
0.633253964942
0.881904560373
0.4042027216
0.721335322773
0.733673955557
0.497756981909
0.797273700323
0.835746520519
0.672495022081
0.94371909847
0.893650959456
0.981000381882
0.880187276738
0.838142726402
0.774442704022
0.793357835717
0.739453675371
0.337937931846
0.869493990929
0.761609558606
0.933842348713
0.959288982154
0.941065018434
0.918917257424
0.77163374878
0.665290543367
0.576302243907
0.640645337397
0.871450060942
0.904028736902
0.824851117686
0.822434337319
0.873241616811
0.89851900285
0.946356303979
0.976291982664
0.998569210301
0.964149098601
0.914551873922
0.740203007854
0.67291315636
0.538434141315
0.8324657588
0.845567725226
0.862669661252
0.893504999976
0.862163368498
0.866685581136
0.466146891037
0.820495729606
0.767685378651
0.68272282581
0.794103275532
0.747450031367
0.728943577416
0.733482392126
0.753629730249
0.844177118003
0.953115080194
0.990604073119
0.980986358916
0.958638916755
0.874994894887
0.754977128741
0.769363183274
0.409179366424
0.761825136407
0.729636100959
0.801614705338
0.836037203574
0.780525778599
0.799873024174
0.590447186511
0.797497582895
0.439960835823
0.684071314839
0.76159174004
0.747839414908
0.565199716118
0.592219259899
0.67241884818
0.883715879244
0.833071950671
0.82844940122
0.805969974662
0.922212073083
0.79727265936
0.679619521064
0.69065693383
0.421914056403
0.620986205085
0.565994268692
0.85031472681
0.873214748888
0.829151769278
0.84013512289
0.646986794702
0.81848825718
0.59977099528
0.877161823138
0.8694197367
0.857071780081
0.779936750379
0.735905934002
0.73791358641
0.939017133861
0.959540351347
0.950309159238
0.860005857396
0.867222377977
0.830512471427
0.742635241309
0.779519894746
0.579868333859
0.791503784663
0.763528653614
0.735111297609
0.723222220542
0.740157860676
0.831698635289
0.54416066453
0.860768703249
0.780214751737
0.717434148202
0.747933570384
0.771845992953
0.593445960232
0.629456829473
0.744548344526
0.733435217481
0.910872971437
0.884519443385
0.929984630775
0.866360274656
0.701862579076
0.685943345955
0.651732349844
9.14909514707e-15
0.667167000501
0.584237442506
0.846417869181
0.840519079415
0.865246339215
0.949967123127
0.711325560379
0.759284639499
0.681056885504
0.332199890009
0.754644083462
0.834233195564
0.765867547198
0.936713312976
0.868547496273
0.941362917541
0.958884274375
0.700184761749
0.978988576272
0.805391119298
0.914280953309
0.882419868989
0.852894423465
0.8887367204
0.98320809148
0.88160922281
