0.991732113898
0.994128207168
0.991615059628
0.991503789549
0.991589913366
0.991480505724
0.988600954598
0.966175658874
0.982624497244
0.978045265833
0.97607265924
0.979992489164
0.972680656787
0.973993133956
0.937754789751
0.995760102359
0.983772914701
0.999496521661
0.991620373764
0.976043664136
0.979270558304
0.980785797159
0.984840889317
0.975712462567
0.97190114402
0.980363129236
0.972335223264
0.976386798921
0.971625571345
0.947738618701
0.975038081263
0.975212231149
0.96732274593
0.972628055439
0.934932088603
0.9078330066
0.925902459464
0.973158489741
0.917871210218
0.992377105632
0.986832091733
0.999674865531
0.972285093238
0.926155512728
0.944403264466
0.948188610345
0.933945420839
0.931290616993
0.982250914237
0.987446441162
0.982570994079
0.986055507035
0.981943485653
0.979683249213
0.98660866387
0.988631248381
0.99243874903
0.990565580984
0.968248593941
0.965938204561
0.967662624803
0.983502916011
0.949459751677
0.99373657558
0.986750439582
0.997970168315
0.981055629004
0.966131815403
0.970799884036
0.979143032248
0.978393420831
0.967656610293
0.986171476391
0.990306457435
0.986214029181
0.986618586323
0.986005986855
0.974947075148
0.989284642383
0.991872778355
0.987833361817
0.989886235856
0.966065386983
0.962666852907
0.961530419287
0.992176316953
0.96127338202
0.994150200337
0.984028708445
0.99939546846
0.987000541992
0.959223190665
0.971943241768
0.974811661672
0.964778696667
0.965293365757
0.995654712198
0.996968275538
0.995709882309
0.995766811731
0.995609007337
0.993593778617
0.995775410092
0.98025717412
0.994406495268
0.989543919801
0.988630077327
0.986721772676
0.99693147266
0.978828652285
0.949037211087
0.992952404684
0.98670872844
0.998810982055
0.995707698185
0.988173750161
0.989997076121
0.994165820526
0.993940775168
0.989156566544
0.993252045593
0.995162942659
0.993235970146
0.993522669672
0.993127212885
0.987435797674
0.99223256904
0.974514431156
0.98878693458
0.984776356552
0.979942178954
0.968683755566
0.981712711887
0.979865132689
0.961500001776
0.996391297415
0.985847321443
0.99945727193
0.994160239141
0.98059651801
0.983356566274
0.985165525151
0.989450694597
0.981917203034
0.992393066712
0.994636371466
0.992337379392
0.992388172963
0.992293053449
0.991623974272
0.992391915109
0.991906799103
0.995497440472
0.993869071083
0.982435012703
0.979542510361
0.977310360273
0.986748555399
0.95265111239
0.995286386572
0.984879418028
0.99930114665
0.992355137592
0.981305584074
0.985339923903
0.986856978809
0.988896186863
0.981774573112
0.99717643746
0.997995718179
0.997212891593
0.997211888891
0.997143108955
0.994230130473
0.996761414112
0.980887445612
0.995678683302
0.993062226389
0.992422743881
0.994325166225
0.99081454352
0.98164565579
0.961430036821
0.996746380185
0.988952982678
0.999420325381
0.997061941443
0.992033837869
0.992980982184
0.994437315098
0.995158854146
0.992503874367
0.994001508281
0.995726560903
0.994036201659
0.99424703994
0.993908167432
0.993706083601
0.99436617901
0.99165108482
0.995983180201
0.994686511901
0.985909113543
0.990504965652
0.984360694534
0.988440580153
0.956845945401
0.997285200414
0.984112258407
0.998060414781
0.993917842893
0.985596504446
0.988602287672
0.989281750595
0.992115406105
0.986542726207
0.986641331693
0.990538771034
0.98684761245
0.9940685463
0.986519311032
0.985511661989
0.986612175075
0.990773504239
0.993112742164
0.992463628629
0.981431244234
0.991797536667
0.970484812405
0.988321204011
0.966895522153
0.996943873738
0.985829027011
0.998242025058
0.985518707653
0.977143386627
0.98001603845
0.979709899977
0.989247934222
0.982695585375
0.993961942827
0.995802561594
0.993915055
0.994153614893
0.993869540572
0.9920995346
0.994340489113
0.981992507075
0.991533506031
0.988599987078
0.983066989242
0.990145154564
0.980318698433
0.972057065853
0.949089073109
0.99214599289
0.984590022315
0.999535355298
0.993703546261
0.98258892691
0.985882380595
0.990400123948
0.990176044027
0.983298891359
0.979331192834
0.985039740156
0.979332830235
0.990331289979
0.979100422291
0.96614424178
0.984280854666
0.979412225785
0.978593963297
0.984008025626
0.959805954898
0.994963037515
0.955110966867
0.991577959883
0.968447509311
0.99799354069
0.984729505207
0.999043068131
0.976470501629
0.95065711246
0.959995572857
0.953727679262
0.986858629198
0.958789258925
0.99478229999
0.996286397384
0.994788020526
0.995326056858
0.994700844504
0.99353015031
0.993585887941
0.96034398974
0.985717721744
0.978171223781
0.985866153846
0.98490720367
0.987617293839
0.960788028429
0.96351365662
0.994765895227
0.987466909076
0.999029725989
0.994994938177
0.985843738076
0.986912655257
0.989661755681
0.991576551356
0.986212048314
0.993029607877
0.995087893706
0.993102003447
0.993403462122
0.992936072663
0.988040111695
0.993040160506
0.982224373529
0.988390924781
0.985732015658
0.982270220013
0.995147843952
0.982462156189
0.97407070223
0.957444125511
0.995270360573
0.984762637177
0.99884224961
0.992864692126
0.981085394898
0.984255264932
0.991016568371
0.989476378489
0.982367976382
0.995482429628
0.99677467689
0.995558316393
0.994857710587
0.99541622093
0.99281727871
0.995055341917
0.995041128042
0.995387868458
0.995162697322
0.986771101194
0.987413753996
0.986993903717
0.991482599555
0.951614490964
0.992138068677
0.991127336532
0.999520210542
0.995844297044
0.985568254507
0.98943089041
0.993114391212
0.992591978393
0.986100311673
0.984411655037
0.988997157906
0.984383927691
0.986212487286
0.984236332146
0.978910671028
0.984923994397
0.981377177427
0.985338506287
0.985258634283
0.958224355234
0.971056751449
0.95692798807
0.979452155092
0.912417641442
0.996021228647
0.984033494681
0.997431126627
0.984713588755
0.959731908811
0.968327226042
0.966729051551
0.945741042616
0.956084749296
0.993546942796
0.995476885233
0.993572086935
0.99376434716
0.993445193369
0.990952749929
0.994187054606
0.991195548093
0.994672980829
0.993432947443
0.981890837774
0.982067350791
0.983232419222
0.980092028293
0.949570836224
0.989486434145
0.980886373047
0.998778350626
0.993011797699
0.981882403189
0.985514877001
0.983797232832
0.990672877494
0.98178058049
0.991820648327
0.994237148833
0.991761292823
0.991678625182
0.991702128904
0.978684279102
0.990420588453
0.978145877806
0.987132599386
0.984526275599
0.978300989117
0.975365184303
0.970079719683
0.970198344657
0.943136430513
0.991097281696
0.98797529843
0.998800331675
0.991617536629
0.977844472907
0.981494385998
0.986243567119
0.988447817188
0.979651672016
0.995191012808
0.996602553135
0.995216450302
0.995090286827
0.995125338382
0.994615081659
0.995091344077
0.982845689018
0.994860625498
0.993325740188
0.987717718836
0.989922624124
0.989369692405
0.987789500271
0.964313932572
0.996832453397
0.986163250578
0.999448606107
0.994919798882
0.987332702935
0.98985573983
0.992310366314
0.993595891417
0.988246423339
0.951798224909
0.952429891611
0.951878918656
0.995855984841
0.95095491577
0.815400511972
0.967422107153
0.916609045109
0.989754316957
0.990189838054
0.98641321981
0.994685942511
0.956430253234
0.991538794567
0.963539094504
0.987828222144
0.976868033047
0.99209469972
0.908446203789
0.969685058724
0.979862540534
0.981858256802
0.990895728398
0.979647259846
0.991364342724
0.993852569574
0.991388443157
0.994070543765
0.991214250277
0.991607126943
0.990690738378
0.980831958152
0.992290890923
0.988508405927
0.983869866208
0.989477061839
0.97960575027
0.976732927758
0.936948560347
0.996123099547
0.986854929984
0.999147242201
0.990241666146
0.98248918232
0.984804270509
0.985060060156
0.990709329727
0.983999285414
0.991105145778
0.993674232422
0.990967251055
0.990975056353
0.990938183984
0.984587539744
0.991041332648
0.980156846571
0.986521735143
0.985421475649
0.976460423234
0.965746949696
0.976346894548
0.976908717143
0.963971660657
0.995491991045
0.985960133623
0.999012387365
0.992461006758
0.976774416295
0.979971641937
0.984549164085
0.983759466914
0.977041974059
0.993834453059
0.995616089189
0.993778523687
0.994554331105
0.993744212752
0.992409121631
0.993532416562
0.995119885787
0.996868993249
0.996489712296
0.986607395395
0.996058143512
0.985649452861
0.991745458367
0.950643411183
0.996415185998
0.985831619696
0.998690455081
0.994293417682
0.985137544823
0.988844531611
0.991395183242
0.992813798864
0.986385000691
0.99125003964
0.993735773526
0.991206401886
0.991635594837
0.991103814781
0.9858587976
0.992254550361
0.979961034626
0.989552725009
0.986844693424
0.976824898248
0.966549890173
0.972355765001
0.967711628976
0.956150673687
0.99504113839
0.986884121806
0.998634239412
0.990984261195
0.976529256102
0.980802130116
0.983444037047
0.987251141153
0.978011185195
0.997497686259
0.998176670401
0.99748740407
0.997499983498
0.997469862239
0.996113099981
0.997190262623
0.910412754342
0.998734211619
0.987893009342
0.995852682499
0.989723371215
0.99733288761
0.985820625826
0.953309695569
0.996027529968
0.992882832327
0.999102093048
0.997583414957
0.994496142644
0.994996986916
0.993995842893
0.99575326884
0.994434155885
