0.90357426679
0.915915728446
0.904979526057
0.919205121003
0.889199275393
0.895989565828
0.808392502827
0.750289890674
0.851090741469
0.851210420975
0.845896337542
0.856674158825
0.85265030144
0.940537653323
0.919961425182
1.0
0.853777682006
0.983046860534
0.916218517223
0.847792280957
0.861241929557
0.504796308073
0.894307028694
0.796878248643
0.825134016666
0.868368072883
0.837870694052
0.739110612544
0.696648904284
0.675927532316
0.617800781929
0.630663120951
0.675954253007
0.774779418034
0.610798406349
0.61522866847
0.697842726573
0.798765587455
0.398097082782
0.695382395768
0.912359298102
0.906031843591
0.710492463903
0.643338891476
0.73440395178
0.230733109343
0.575076649832
0.598966810588
0.66783337795
0.67868937436
0.68556556717
0.619734397182
0.637735691332
0.556710783544
0.85980917092
0.89380161747
0.787531895685
0.604484981942
0.658794287413
0.773063552764
0.635967798274
0.746116964484
0.652944542361
0.550814315648
0.639427529566
0.553715056695
0.654555918888
0.779234951801
0.60126831158
0.555795557959
0.669064691061
0.73530499707
0.760245792389
0.82715331917
0.834444646567
0.895308738269
0.770602039729
0.91362979467
0.600063198554
0.920051061356
0.757659161809
0.908002990046
0.803836442677
0.840974943498
0.744102164269
0.980561879853
0.922974302453
0.834423159822
0.87159152331
0.933899918719
0.786733853986
0.819511879041
0.804478482568
0.816416613055
0.845368939947
0.739821301469
0.924742784342
0.934966518732
0.925799462571
0.928813234699
0.905911371109
0.873593636408
0.908898277996
0.847721395976
0.902490544159
0.880427273336
0.880815513866
0.869735530301
0.90402260187
0.934134615721
0.926581295563
0.988595110538
0.978470193347
0.941527339438
0.918278499958
0.884336146881
0.884112824579
0.905737509443
0.933069457367
0.888429374007
0.852607752489
0.872511634206
0.852820751138
0.863869265002
0.826156817606
0.914351968407
0.697313718566
0.649290534998
0.641942766682
0.760551474779
0.668501709731
0.898618512072
0.800642338473
0.891616752664
0.944321464983
1.0
0.925602493429
0.944087674842
0.858081301952
0.740970068736
0.77745978846
0.571247502315
0.767884485157
0.714459222773
0.813729380978
0.820307826574
0.813271958981
0.925482200212
0.802061815366
0.811800485773
0.600431324533
0.925411694959
0.931544032418
0.801417554159
0.879048741155
0.840520472318
0.796474664705
0.895597253868
0.829937463235
0.834790829565
0.798786963557
0.93249611686
0.819820665177
0.846747343009
0.7847217935
0.779977664565
0.889302574051
0.831451058294
0.947372200234
0.959825548211
0.930649229854
0.956081520375
0.934935941741
0.927828113876
0.928612111901
0.879119200194
0.931609188282
0.913367326187
0.918064509386
0.942696056119
0.928115665256
0.942931521355
0.932117869106
1.0
0.977032739392
0.940680436864
0.927822993792
0.918836744089
0.92616580712
0.947142596116
0.948662329162
0.922241578166
0.901970386591
0.885966886838
0.902849384029
0.838393353696
0.91553966072
0.976337010601
0.938023295755
0.917224689971
0.927738930716
0.909628874558
0.893706873511
0.908304492143
0.86405129303
0.943981508767
0.871173138173
0.924202521574
0.879782270417
0.982184914219
0.887279436153
0.891125709909
0.895248183633
0.747482421411
0.93504518707
0.88575796953
0.74972842262
0.761081678153
0.691368512571
0.836181689568
0.797954627845
0.979250845134
0.902273980664
0.91112819514
0.859575136106
0.896322472204
0.821833355395
0.900481309844
0.809643104182
0.964530954565
0.860466004595
1.0
0.970966500203
0.940530629705
0.757325345
0.665281734561
0.833491078357
0.884286236846
0.794823645145
0.840709928419
0.895409115889
0.923782212103
0.896848927561
0.924166274904
0.860332303602
0.857036463449
0.929939547927
0.880253889199
0.900954173701
0.894317049913
0.87626723787
0.854497397505
0.824236453602
0.954441311986
0.933550941611
0.903980880484
0.915275020007
0.890851576278
0.873652147256
0.845035103097
0.838363388206
0.872244787183
0.920680958045
0.86710193194
0.924220347683
0.941011876023
0.913368895679
0.900658453207
0.926726558932
0.735337205236
0.871448292754
0.723905961669
0.853099267957
0.857126017158
0.736463527081
0.742813907009
0.831820010991
0.820638247815
0.94521991283
0.988645729427
0.884608397093
0.817780066799
0.939581565786
0.808753800591
0.851955621613
0.759590133329
0.707147223206
0.702640317416
0.949088744967
0.956869499021
0.949582035299
0.941172432378
0.864855358956
0.955532411265
0.781139046923
0.797202739555
0.883458928545
0.85374637871
0.877339342059
0.907487802283
0.906951377021
0.898020611581
0.846119021199
0.990496636253
0.915178839638
0.978182906498
0.938660832121
0.878853949347
0.883485529921
0.796031813579
0.924529494367
0.887155009464
0.810000071589
0.886927063213
0.811314998921
0.882295260956
0.880116683007
0.929818293493
0.908342614213
0.84465219824
0.870033856534
0.804234702562
0.851073547215
0.929938392649
0.800272371266
0.94108685752
0.887602895274
0.835713742017
0.978852119671
0.828804982466
0.838436418594
0.850877728808
0.841452553974
0.882999542918
0.796565127119
0.854402890862
0.971643729009
0.978421525065
0.948693931795
0.952642091187
0.963384831919
0.967541421895
0.879043815305
0.915441552587
0.949706876578
0.943379887991
0.909356390824
0.898222914887
0.940131085803
0.949518445791
0.825191583825
0.990199229514
0.959404966927
0.977204598826
0.959024576276
0.898491856177
0.936243674791
0.913317152472
0.914229793741
0.909021375593
0.791397320464
0.824765872077
0.790291439637
0.828674812421
0.775318843495
0.910584817003
0.59548145589
0.883639693951
0.880941570404
0.837287819099
0.774801625666
0.79859243582
0.775232410871
0.969887365508
0.871757255696
1.0
0.653153384039
0.779913345337
0.773468089109
0.809088301171
0.776717522707
0.754035059748
0.798014956776
0.718368727336
0.803773619339
0.897480723508
0.855202040801
0.859942792764
0.833178967699
0.842942139565
0.640494235051
0.714230760472
0.724128750986
0.821563830092
0.795192244842
0.758383483461
0.783700114686
0.897673039021
0.709612171768
0.909611201949
0.849681570664
0.936157032738
0.861798532762
0.803279249781
0.815570279865
0.539441458513
0.848307079222
0.795849065682
0.840692699521
0.907119766037
0.898160295354
0.898632489524
0.758921801901
0.839314265544
0.692516144133
0.805348695012
0.889635188444
0.85930920905
0.826442784013
0.687862671169
0.788509393913
0.926472877876
0.746185298115
0.988643080101
0.992769907028
0.755987642091
0.771599566178
0.742901904256
0.797277437413
0.738930464734
0.793330531055
0.867320935348
0.905553059653
0.920150300282
0.905700802518
0.920294416425
0.874497005123
0.908209302783
0.502556261293
0.811293704665
0.922356213725
0.91080866631
0.911519617687
0.89614839056
0.817856429471
0.968382524712
0.884715793041
0.999989601351
0.982663952672
0.949879391606
0.90586368478
0.886069080898
0.882162307156
0.801623985484
0.911843445973
0.895323167874
0.946407572304
0.968669293384
0.924411837177
0.958953748749
0.960756069259
0.674703107892
0.9791931754
0.91078599924
0.964155691318
0.955187227487
0.906497322699
0.930024942984
0.928161469157
0.97028039415
0.94426941752
0.975692897232
0.999470276761
0.975297449714
0.950209902465
0.928243140971
0.956280792396
0.955263302089
0.924923869647
0.90631638436
0.949400944973
0.956855574884
0.950978843996
0.921122950326
0.918980417515
0.940273474542
0.931804683189
0.85626451634
0.908946068567
0.905077544154
0.886677493321
0.938103787329
0.886147636139
0.93592815564
0.961600958489
1.0
0.980326936208
0.986540472529
0.933964029891
0.858136053672
0.905555098632
0.832245967392
0.914548615233
0.889978292999
0.900490220404
0.901787855584
0.840074708402
0.828799424831
0.856505056375
0.959061069396
0.774046347236
0.815303651341
0.794829818687
0.841383577522
0.814200296885
0.810216797188
0.838128398823
0.935826246185
0.913489409098
1.0
0.944189533396
0.954544254655
0.889459294461
0.815110124333
0.802442604955
0.748482057706
0.837856781705
0.798121726365
0.905401666854
0.903980653824
0.93467360481
0.898442416953
0.914085001742
0.841645448396
0.775678391313
0.945869737003
0.929752627616
0.903037097811
0.866810680408
0.892712763112
0.903184370472
0.973674607746
0.888309841569
0.926381854242
0.950856498108
0.908494719253
0.895261844526
0.880573380739
0.900828563922
0.886984463749
0.81996003097
0.898273664356
0.885874760387
0.728968718937
0.885702323618
0.918220612258
0.863528919352
0.921997921321
0.625284937897
0.852295999228
0.888357802064
0.869895997288
0.862333516171
0.874678649595
0.807729355883
0.943668415341
0.935280585396
1.0
0.885691127891
0.958166992492
0.790349618674
0.814611107044
0.817764894868
0.817642191125
0.875491991663
0.849987389017
0.879159801717
0.897175656181
0.927198066599
0.980595192624
0.936503355362
0.977047261263
0.891988135245
0.524876276852
0.973115426397
0.959871020075
0.955908224951
0.968044562235
0.930614127354
0.965776002989
0.942035112242
0.700184761749
1.0
0.882560802605
0.95843334984
0.928895744889
0.941153834849
0.883439945036
0.976496803469
0.952186972993
