0.875147611447
0.898264727781
0.881217187915
0.866281025444
0.821991723581
0.862732113293
0.701777939608
0.693480161345
0.788500829496
0.801241679638
0.790894816021
0.790770316128
0.810605695183
0.843412353069
0.890057664069
1.0
0.996381128792
0.973731934696
0.881058983641
0.784635991299
0.819574502016
0.470382567123
0.797061983122
0.782542239824
0.900503354773
0.900800960539
0.736168475951
0.741570106789
0.160542170462
0.760989254352
0.694981620668
0.896374496344
0.906077397175
0.904745598274
0.84986925578
0.754529352134
0.116660716207
0.947785402609
0.741283480141
0.986041912414
0.869682188075
0.983706079524
0.756216930128
0.845897192819
0.896012860307
0.261329804418
0.850094916388
0.848733168454
0.806197667351
0.742592019932
0.809108554316
0.906553207541
0.65504027745
0.579245875349
0.532431335271
0.897582449311
0.919074262168
0.465719757776
0.819214958174
0.830328419217
0.71995492122
0.921194736032
0.970819640505
1.0
0.824382032495
0.505374331445
0.81125476401
0.827806684847
0.744100351253
0.851755405725
0.825040318986
0.802049616752
0.789705742845
0.834242686372
0.78496351212
0.810463850567
0.727842499866
0.907726736949
0.701172806224
0.905574703839
0.887441264522
0.825504303504
0.781653740413
0.823302718028
0.789842696943
0.976301970954
0.904330189179
1.0
0.999812740585
0.843359169392
0.775552876585
0.765409551654
0.766298199353
0.484027849774
0.811312420968
0.770167754149
0.907754786147
0.917602483343
0.901772331495
0.908609356205
0.854309807848
0.937514576731
0.709883079018
0.784216185438
0.852185647526
0.825007978133
0.841547724721
0.881934739582
0.838698571827
0.882269039783
0.934581650677
0.95392007418
0.998543016442
0.918366043705
0.884591993725
0.849401226463
0.858335854491
0.644863922218
0.9146300862
0.842399271989
0.898823981732
0.872466653555
0.889633559922
0.899875907206
0.843991293354
0.915338465262
0.745547979318
0.691569827879
0.781130503729
0.802420409203
0.7785627593
0.912164044534
0.817956815119
0.909219525681
0.941147335819
0.84991877637
0.850729217043
0.980830455991
0.893391688916
0.797831076506
0.83515329391
0.676232979692
0.803998950017
0.769125618603
0.824604315821
0.822495548053
0.825162391819
0.820799117469
0.769646209896
0.806731542284
0.524176306311
0.864783065904
0.887240560584
0.895582085215
0.854822939549
0.776518376469
0.80946257047
0.813271053716
0.825075220913
0.830897921404
0.940675648797
0.908449777096
0.818503842254
0.85148471467
0.7938302553
0.521721623977
0.790932275681
0.857913841165
0.936325750961
0.947661442693
0.920079331895
0.940905015569
0.893616907909
0.949454669279
0.7967762529
0.829070517475
0.906450018533
0.880739198235
0.894962133564
0.907847978816
0.883639032431
0.877768667879
0.968110414626
0.974642846549
0.874164570431
0.969361217398
0.914171915886
0.886606473322
0.885557286293
0.854255718256
0.926412660376
0.892231884012
0.894135290551
0.920952548475
0.895526546136
0.912270908401
0.83681204768
0.934556338472
0.927771799913
0.886223290842
0.907811286208
0.886274775976
0.847172526872
0.867416872763
0.855624339839
0.933345902632
0.960194183925
1.0
0.939031898132
0.956024689035
0.902919973634
0.848782099978
0.842542670404
0.577754163744
0.893064972189
0.847019970183
0.831089645185
0.86226664407
0.82936562405
0.892269729534
0.756602369763
0.964849058975
0.899980997885
0.896038445898
0.867443717492
0.840624234238
0.823951774213
0.887894569789
0.736417334206
0.88916349721
0.969205452601
0.999969001843
0.997187541089
0.865630609482
0.854776001262
0.79144924641
0.810004229544
0.48524581332
0.85311022183
0.835573265419
0.875274461571
0.91082725811
0.889853736929
0.914256420379
0.793198089956
0.918204397033
0.875395173789
0.851018524569
0.851461716508
0.826013494518
0.85020069233
0.852717143186
0.832929306709
0.902716229882
0.902991248891
0.976815617981
0.976052744384
0.965684420017
0.877783705846
0.836136027006
0.816323628078
0.792280188688
0.875681564755
0.852413276348
0.973763305068
0.978347169631
0.970521106209
0.944985995686
0.931449283802
0.944898018817
0.924294594616
0.944061824723
0.969838115804
0.963068464717
0.922276828282
0.921766929344
0.926972434875
0.973000197733
0.958268374182
0.98960154096
0.992178675777
0.929712498198
0.974146692306
0.941815430447
0.955526174664
0.878081777077
0.923083648779
0.921869134229
0.922517187887
0.922055963693
0.891082543132
0.905071887742
0.864526399337
0.926003438432
0.635329973621
0.675720861894
0.79971873511
0.783276888988
0.793830728326
0.859443164335
0.832855953621
0.883134808237
0.87126876129
0.957007080697
0.858752056633
0.982636213435
0.902721290909
0.840887217742
0.81137718731
0.549601057483
0.871965861995
0.831040613743
0.866772732579
0.821975356072
0.868247284205
0.815589006829
0.7765676752
0.876044091611
0.808730775605
0.803358076197
0.781975352232
0.78422749035
0.827475125197
0.853300500665
0.78639292228
0.926615071564
0.816984320414
0.86680394893
0.846637690207
0.858383687733
0.838541006206
0.792803141829
0.797428353716
0.832726511731
0.879459721764
0.826295192607
0.977356286725
0.979289996025
0.976066238019
0.961105705958
0.964932743915
0.97665059171
0.964989258189
0.952768740289
0.951437167165
0.959515263579
0.934298976583
0.934448343
0.952330888178
0.971683613638
0.923331269704
0.997114582358
0.93617326266
0.984151399838
0.94560337086
0.922714482646
0.95459546316
0.836580108403
0.946125367703
0.937039903187
0.814280795192
0.787507066212
0.757428153579
0.909413082437
0.711851048461
0.92097905871
0.447655578838
0.897890805459
0.883021881394
0.75413831801
0.776177881526
0.80451121136
0.739550832951
0.895884568247
0.805516832789
0.902230930613
0.962655072913
0.699164895919
0.81898021525
0.778116697795
0.757261519539
0.634483518426
0.728074714062
0.806040098533
0.839146105374
0.859179680363
0.839460912959
0.860594400875
0.815386531194
0.923230620718
0.924648438213
0.885000346121
0.784032401036
0.851363875272
0.782799212656
0.865470713542
0.792793254601
0.922094341575
0.89310309839
0.953859578513
0.84577734709
0.865852752378
0.859077874167
0.783606037048
0.774680681026
0.491109003101
0.835278461231
0.828164553578
0.838061682184
0.772429067979
0.848306903046
0.881649259123
0.752145233531
0.893445045288
0.614086227473
0.782371268365
0.828380605985
0.830619288896
0.824306421784
0.815841510872
0.742078390541
0.841816060021
0.878907561762
0.856872453735
0.821520546515
0.918798843819
0.83802245119
0.734761922329
0.820186170607
0.791480230199
0.872025136504
0.812441177045
0.869341467693
0.893279527998
0.862615468976
0.918725958546
0.754566935334
0.942192235118
0.888239296691
0.549383633353
0.889552734907
0.895001513451
0.872459287344
0.925402879892
0.829889704078
0.95829305542
0.899430675094
0.888836109847
0.989450398867
0.885950795115
0.860432825374
0.870122186626
0.838776599743
0.559289041413
0.908170829456
0.818386032963
0.971615255951
0.975140402591
0.972139430029
0.964544882269
0.958521233187
0.957632845483
0.948812913872
0.920945408859
0.968203543227
0.957444296294
0.939243195648
0.959720275485
0.940631471598
0.97546738299
0.952289238059
0.957076593165
0.998120942353
0.973429684144
0.972467767536
0.940688457982
0.952568068577
0.947099261377
0.924776621168
0.935432312559
0.937385637643
0.939412809937
0.932362045044
0.910567300422
0.885926555018
0.887591573851
0.69541463879
0.839303485148
0.867717734861
0.881986158839
0.861944925423
0.871501839654
0.853170800898
0.92604031504
0.953579574375
1.0
0.999521377451
0.976613215923
0.938108733424
0.866173518816
0.893246554251
0.820908080531
0.895682228328
0.85669382511
0.926250730974
0.90343935009
0.925023200121
0.916026896238
0.87452070596
0.938707579168
0.785557245942
0.895716652965
0.890275002819
0.902593997851
0.880291052949
0.844253966832
0.867636672892
0.861335258056
0.854955788625
0.935494646753
0.938307944693
0.966931160415
0.896911460121
0.841022574591
0.875378616338
0.78229452567
0.882332991229
0.877081580653
0.914749740082
0.885067731445
0.898740180915
0.932068042638
0.82988272439
0.951073496208
0.773764167835
0.923730450007
0.931011931212
0.908042426983
0.874197766401
0.890502770852
0.835708442495
0.953653070381
0.860013883621
0.973918558215
0.905848410253
0.934596144325
0.889816615469
0.863595316151
0.874802428674
0.722793971709
0.890941112776
0.81734579555
0.765875187473
0.858125768441
0.836223614231
0.890130632095
0.690157943909
0.938022103385
0.374111694614
0.722223493355
0.781512514489
0.790657951256
0.764012290399
0.683586694162
0.727922612521
0.828977437791
0.919543510821
0.839068053142
0.809304339697
0.935286830369
0.778258661861
0.741026729111
0.708334834045
0.280085179048
0.85680406173
0.755811123332
0.82575103454
0.861372312158
0.900400129574
0.790569369322
0.872635636341
0.967430852148
0.946389193804
0.453019912732
0.783495617182
0.724497504835
0.922683086458
0.912046465884
0.944055560461
0.950238663007
0.970869151246
0.987903079619
0.801089649741
0.89009720265
0.918103320508
0.956706144919
0.90239305335
0.854907638197
0.975972192713
0.935478823414
