0.895245042515
0.922068648757
0.877260298969
0.933517387996
0.875626661533
0.987758529225
0.771955529742
0.897969387009
0.906438264587
0.90341013996
0.88624984542
0.878869415931
0.909509236107
0.97027316797
0.882837155589
1.0
0.943555306931
0.962714926947
0.878825695685
0.893753461746
0.902201571419
0.724506520614
0.925424411627
0.892365409269
0.964479917647
0.974857660742
0.97136742435
0.949016589158
0.968289559235
0.912932230406
0.875637591871
0.94874180128
0.952453204629
0.953232460302
0.926188307586
0.925087201369
0.912940086859
0.945015246968
0.532175836228
0.987014938653
0.89236759944
0.934964753403
0.959620066565
0.913589356685
0.94398677058
0.70005395812
0.919518884368
0.910720503898
0.863893407001
0.770340302217
0.862205981033
0.868035140168
0.862449493886
0.640924460799
0.786683077204
0.896057290774
0.896559936655
0.58829130466
0.811899515664
0.609722645818
0.853945177035
0.929209057112
0.858142918603
0.935196060304
0.906369356957
0.510304009811
0.788960873363
0.925136289164
0.861448025424
0.821555300422
0.95651436639
0.932286291898
0.897840528809
0.911513298895
0.899198496255
0.924352602527
0.897421520649
0.934074820075
0.751474616295
0.866744766777
0.933100046327
0.817893762191
0.878687306782
0.913028030682
0.802659064898
0.990126849901
0.922934555514
1.0
0.954740993426
0.947054315631
0.882694280482
0.874937665294
0.874922130588
0.839662810497
0.875522448052
0.890592170497
0.945045105676
0.951505597996
0.945322841469
0.947879287664
0.944488973661
0.941378508713
0.766330197768
0.909504728703
0.95001423049
0.932918610002
0.928975348132
0.973195465309
0.904363713093
0.971135956642
0.867402132216
0.965048444364
0.926262119088
0.972092243133
0.943145926198
0.926512370512
0.923437865482
0.916839433672
0.93928977789
0.929358306054
0.942426997138
0.931256208148
0.927005517525
0.949963205614
0.941478655298
0.927351570104
0.87645137535
0.90230840751
0.923055715568
0.91439483129
0.90435186145
0.967113172457
0.886829119473
0.970557720277
0.892063514648
0.898390048205
0.98662482706
0.994010232895
0.9479146223
0.884334996242
0.908805437476
0.920884126043
0.886805857495
0.903242546085
0.950773782711
0.9588030193
0.949418784645
0.96369898387
0.943789917355
0.83844424262
0.818290591415
0.960782553931
0.940656308331
0.820321816115
0.812191763631
0.858705082422
0.885333916965
0.985171297713
0.680849622317
1.0
0.923025409057
0.936135883387
0.948892281455
0.833097058624
0.817934360799
0.85085234983
0.843327811156
0.818816005087
0.969005764006
0.974858696175
0.969085943643
0.970682511696
0.969427476533
0.934642255278
0.855324335747
0.911885796393
0.942965372921
0.951112634042
0.914403617664
0.932291943444
0.944962965568
0.95026096484
0.906117689571
0.969561241977
0.972882524298
0.986814925256
0.957208141688
0.947366134933
0.931881118773
0.919819240351
0.968296949408
0.948276239896
0.890885359241
0.891904167633
0.945732355265
0.962215394727
0.890462523883
0.953336526423
0.628085416957
0.928095495044
0.957645487055
0.841576806342
0.897184038582
0.949471217143
0.919555791296
0.981452497537
0.948302402825
1.0
0.962082916044
0.963927837698
0.958339063291
0.923200714576
0.881074611035
0.799428373851
0.939964860219
0.901722459526
0.919607319361
0.932374935764
0.896275542879
0.951160551342
0.919657360294
0.991351929815
0.489797898747
0.89576725758
0.941053906605
0.938062681469
0.888311563258
0.941367284912
0.869766001496
0.984107996767
0.89533032354
0.942459242259
0.939996824351
0.967577994353
0.923606270966
0.792863711448
0.86214572924
0.925291083305
0.932115972509
0.871869354963
0.945570267032
0.962948007288
0.929980463515
0.885011223148
0.950920107392
0.965296056848
0.806612585348
0.934101091068
0.944099844878
0.900039099558
0.886480363244
0.902170531985
0.909494445166
0.976579610915
0.954749247961
1.0
0.936914490493
0.989178772627
0.957435707605
0.887714903416
0.910908865994
0.91296004742
0.942521577862
0.916548711633
0.987973628949
0.989674161178
0.988164224718
0.983250502774
0.987126670735
0.985069783655
0.980767689801
0.97409474591
0.984221721658
0.980784328868
0.971366948311
0.98768039678
0.978467460738
0.984729832928
0.919482844037
0.98960154096
0.997056778433
0.988494312104
0.990278022781
0.976029330191
0.978427107297
0.965556230254
0.963732138947
0.971070878247
0.946250596895
0.906913500969
0.952384062311
0.937992617858
0.942491019369
0.960720166456
0.957025506394
0.740164811645
0.935790883136
0.90611826181
0.927679698942
0.944998824327
0.937028450637
0.947427612734
0.84242427634
1.0
0.920261090789
0.986358590967
0.952435213788
0.932545422766
0.936719409034
0.906910083372
0.946119336432
0.928041911186
0.907773705611
0.912978916665
0.908033778
0.908828068027
0.906387606177
0.912020986633
0.905302866911
0.874097939837
0.880691202015
0.918563050502
0.89845248504
0.863283767841
0.892363251789
0.973988752104
0.970112004018
1.0
0.866844656375
0.980985468018
0.910101354093
0.901262371746
0.886690755923
0.845165452268
0.904233349753
0.909395627561
0.988829238912
0.990195030352
0.989605476649
0.98175405827
0.989699435204
0.97776239803
0.986080908745
0.976550369648
0.981282795025
0.978628075099
0.962339114895
0.987652875943
0.97387145572
0.978409614111
0.895675442572
0.997114582358
0.962481127712
0.990910684919
0.983826563347
0.962454782997
0.973168322597
0.945786280062
0.965265518655
0.956138133518
0.900336557038
0.913180164685
0.899306875825
0.866086180355
0.899099206863
0.910314851554
0.914699629076
0.811068704343
0.816984928236
0.793134140136
0.739681689604
0.79179238654
0.874984784317
0.984574648399
0.834386657848
1.0
0.946839032557
0.954831859721
0.900260535241
0.894950151567
0.882530160505
0.887786815816
0.902488512944
0.898095303428
0.908221750453
0.946775352697
0.937775246691
0.908882922225
0.936508347723
0.924599003586
0.933613454346
0.900409418804
0.876356619527
0.93303457912
0.916306064101
0.946012161903
0.891588729314
0.937072078627
0.859316930981
1.0
0.851458004742
0.982264751282
0.911386505133
0.914304750041
0.896647425893
0.847769303097
0.917817907688
0.913864629664
0.851145936488
0.853131545902
0.922944437932
0.850963293346
0.922680439978
0.977418597741
0.698016249651
0.913338420199
0.937863073081
0.902883190676
0.863791416778
0.784133087553
0.87737865633
0.881358063019
0.701646656297
0.90860554352
0.842764454949
0.959648976889
0.942450644313
0.893916538471
0.90251444252
0.870895991601
0.939675547424
0.917664986169
0.942321787478
0.950423540296
0.942228502127
0.875049177189
0.941123173457
0.900173619113
0.637791521573
0.907920871059
0.941681813432
0.951877276903
0.937099571867
0.895902783856
0.906732369581
0.980463276369
0.915253632253
0.969852539196
0.934095906991
0.961695326099
0.940263136255
0.870282567701
0.87291128618
0.907599162394
0.959130792961
0.930507986462
0.984308210932
0.986267703537
0.983701723902
0.981652692452
0.983999720703
0.98706625786
0.941217055608
0.980418427787
0.984948690155
0.981639962624
0.969370427842
0.986645173809
0.966876580308
0.987529789282
0.93904333686
0.989267366082
0.978160337002
0.983315658983
0.986936709587
0.965230598995
0.96903642349
0.96017626302
0.984667480076
0.962759651024
0.97203504999
0.958837498742
0.971912004565
0.947812379796
0.971833161047
0.912764431893
0.969960059711
0.936270207714
0.957099493284
0.947240325671
0.922664415262
0.952439629446
0.940127596961
0.967647051907
0.922534208256
0.983353075365
0.983614831398
0.972137145692
0.976518949858
0.938539618307
0.945619404749
0.930921428268
0.928070633576
0.927413935598
0.953109264298
0.957312705868
0.951472984402
0.967428356848
0.951872485256
0.990539237768
0.887286904965
0.948042549582
0.943296905041
0.923388179265
0.89872123691
0.949223189817
0.930466212665
0.980509619626
0.83812288016
0.905310853514
0.974462533167
0.978160753142
0.957126478753
0.930220643585
0.940443215036
0.882688511608
0.934266464728
0.92805421202
0.917902326028
0.919625710116
0.926529016363
0.947411071308
0.917981140558
0.957654152474
0.782723041443
0.969662043866
0.886851329459
0.917109193511
0.914960052127
0.94952509631
0.912582211201
0.985038651505
0.880488574133
0.890588692736
0.870784809188
0.958204603838
0.936818859132
0.89327097547
0.934024185759
0.930606136946
0.898007671584
0.917901397008
0.920851116864
0.942678278206
0.9190934267
0.948436632707
0.804037111354
0.988552160106
0.77170148712
0.874340928959
0.927737168777
0.924185976265
0.894897962079
0.819225769348
0.866688841096
0.970797676459
0.918723908122
0.945078193095
0.988100032799
0.860841729482
0.809418576336
0.880582099782
0.890544709367
0.916870805502
0.938042491542
0.884167356728
0.973548593676
0.979939831361
0.971699375292
0.983497963097
0.972544853635
0.988966011442
0.797502821059
0.751914299455
0.988732271971
0.816395276622
0.977861150974
0.969762245909
0.974829467819
0.980557286005
0.92124864216
0.987903079619
0.801089649741
0.839359992199
0.951324251942
0.978194661535
0.961732848943
0.786800425672
0.983375026434
0.969321970506
