0.984799826081
0.989362875243
0.984975923011
0.984369208057
0.976310650278
0.984296737889
0.986855291871
0.923520597262
0.95975442428
0.957664709948
0.95602205136
0.955451542519
0.955963158962
0.95516621705
0.936272216004
0.978210883161
0.959970187227
0.999041152124
0.984992870599
0.956699001798
0.963242312569
0.955552153463
0.971629946145
0.954158338717
0.967179816002
0.977339491262
0.96699050352
0.966969151037
0.949454361696
0.934124556304
0.980202593286
0.959968496682
0.964144281837
0.966221046302
0.915439865
0.890348746566
0.922773904636
0.963699515158
0.895118551008
0.956363412392
0.959971631516
0.999744126801
0.966646475637
0.908640034497
0.933232141837
0.916352388099
0.887096922034
0.909294147713
0.981866786032
0.987423223523
0.981799851009
0.981613916489
0.971628237113
0.976809728074
0.985838271378
0.981791986009
0.988500975062
0.986105402465
0.95756203976
0.952132440828
0.961830550873
0.97898035667
0.974492509883
0.970932879929
0.960034539617
0.994997977328
0.981012916778
0.951760584475
0.965976015432
0.973095848299
0.948284528983
0.955808766755
0.981406642092
0.986886481691
0.981261966444
0.981383897957
0.970989939348
0.968382336551
0.983143763543
0.98665942081
0.988122660999
0.9874851641
0.955646734127
0.959469090387
0.946676513758
0.986782307675
0.965368435646
0.970205049157
0.95997568009
0.99908243537
0.981347653179
0.951649852809
0.965077512796
0.960092625829
0.941911425865
0.951649784689
0.992217285597
0.99452423539
0.99226115005
0.991914626273
0.987777233519
0.988556151536
0.991617498846
0.950997413441
0.984686621461
0.976364119735
0.978825261102
0.97711404068
0.976654627798
0.95523317069
0.956521849098
0.964012930706
0.96007525215
0.99799578848
0.991838343867
0.977973252015
0.981519273098
0.989166783205
0.989029400513
0.97919787389
0.993686333824
0.99545016054
0.993664142048
0.993626722651
0.990051431315
0.986366301474
0.994018679529
0.969526397033
0.986564379912
0.983899439794
0.981909319221
0.98027720115
0.982493177049
0.974753417495
0.964972401669
0.98627393753
0.960065854257
0.99908262327
0.993260229543
0.981788136768
0.98486189572
0.984229598774
0.988197481464
0.981961390286
0.986166036599
0.99032338025
0.986347166711
0.985855602737
0.978405045651
0.984905884957
0.98551452683
0.978354326428
0.989387857983
0.986520990023
0.966315271774
0.958631249466
0.960663860634
0.972402970598
0.952421350203
0.975853182088
0.959987879232
0.998496276521
0.986034042311
0.963260640682
0.972764401464
0.973249971246
0.960651703711
0.964167236878
0.994636294299
0.996185172517
0.994709062748
0.994490293202
0.991561524259
0.987414287198
0.994088805608
0.952567150838
0.990191456363
0.983744851641
0.984324620362
0.982521303251
0.98316531195
0.961281968516
0.967384414427
0.983830504695
0.959852313247
0.998667557281
0.994335449613
0.984752472994
0.98699717848
0.988317432838
0.990582155359
0.985365216059
0.989487226838
0.992588981843
0.989545206185
0.989208013074
0.983476051985
0.988999322875
0.989629464905
0.978501813649
0.991205728257
0.988415517936
0.973392790046
0.968895897126
0.968842690495
0.973352426012
0.951452900588
0.986576910562
0.959996807767
0.996753313355
0.98959865121
0.970617556224
0.979325114468
0.980638267113
0.980391587773
0.97217884366
0.988807301134
0.992003338518
0.988829702161
0.989228203131
0.982347075604
0.983379352243
0.989228114307
0.980629315905
0.989758682425
0.988122392881
0.969534335075
0.967221248692
0.96955976807
0.970377539327
0.949107881729
0.985848252332
0.960119134153
0.997448907542
0.9885112951
0.969149893773
0.977832968628
0.973722533697
0.964353046627
0.968662310313
0.989614184502
0.992838740319
0.989720686765
0.989927316312
0.983806450687
0.98585231632
0.992287583957
0.962572608234
0.982032519688
0.978283501388
0.969374074569
0.966981353641
0.970893745023
0.960910691731
0.956598832851
0.962967939722
0.959898983538
0.999069862212
0.989295499238
0.970064647091
0.97548669998
0.981130592427
0.983063952907
0.970482894635
0.991169565005
0.993693589084
0.991183820446
0.991270891509
0.986140915426
0.981866778686
0.988105478448
0.983346917751
0.992068797095
0.991054383735
0.976444794767
0.973610372153
0.974299784278
0.982642118467
0.960458500668
0.990687922822
0.95992555508
0.99875520562
0.991082035271
0.975679861649
0.982230821175
0.984502490075
0.976798644486
0.976278245352
0.992163270159
0.99444749658
0.99210660281
0.992314514109
0.987649999119
0.990025775845
0.991452438515
0.927988348837
0.970857338733
0.961435351849
0.977560068208
0.975463597464
0.975878093592
0.935794719423
0.967224756055
0.975454945444
0.959934667905
0.998384259168
0.991694400173
0.977743889722
0.980549727118
0.981502917572
0.986252030179
0.978021610741
0.988198317515
0.99177097977
0.988232460273
0.988336434625
0.981550646639
0.979257274526
0.989004230874
0.960529619736
0.97706717668
0.973932365379
0.969817577748
0.996473234477
0.965392247099
0.953068494045
0.966528960608
0.976069803718
0.959966472199
0.997482781821
0.988066003834
0.967673967014
0.973992773491
0.983994857954
0.977684872876
0.969512932258
0.994949035491
0.996374381219
0.994968752987
0.994727563606
0.99206520056
0.991293632625
0.995595485705
0.993007557324
0.995336654372
0.995200450112
0.987453878131
0.982746928409
0.985462655092
0.992177569936
0.97205473402
0.96241102113
0.959713247867
0.999505647583
0.993890716517
0.986102460721
0.988965406067
0.991899588008
0.987423060982
0.986962960826
0.985830811076
0.98997331377
0.985823437148
0.985936198088
0.977690639819
0.980119260567
0.9843265799
0.979092366005
0.985338270505
0.984891564323
0.959024333444
0.955184748118
0.961022486237
0.982609446554
0.945896252657
0.982362286011
0.959972937586
0.99663740519
0.985662696245
0.959550269507
0.971162580751
0.962779663148
0.940528041939
0.959353369591
0.99186902247
0.994351369102
0.991755320285
0.991955037203
0.987298786145
0.987815382138
0.989073843936
0.98620311439
0.992104494849
0.990536374372
0.976388322116
0.975697177844
0.974655925541
0.979343627034
0.962094574049
0.96310675643
0.960022023807
0.998353670013
0.99155778601
0.976907880383
0.98199980286
0.980857638405
0.975178322478
0.976151445223
0.986999980673
0.990930415097
0.98696333329
0.986129148733
0.979703882037
0.965607859544
0.982595135126
0.952121469856
0.973824029959
0.971425807712
0.965670817455
0.964939042273
0.962359923897
0.948266990761
0.935566780342
0.948459604875
0.960035570082
0.99812741154
0.986224360185
0.96388116517
0.970372887112
0.97338348933
0.980242309574
0.964141356584
0.992389707622
0.994610382679
0.992339367433
0.990911025729
0.988000396372
0.990961039375
0.992385615041
0.959262438677
0.990963341972
0.986714259744
0.978158538979
0.98287860308
0.978228278212
0.976845320136
0.963713022882
0.985011618681
0.959970324168
0.999049052332
0.992287706688
0.978945243403
0.983161064796
0.983370557589
0.987761635692
0.979401622942
0.997526302245
0.998044778868
0.99751951915
0.997008254098
0.996107457053
0.987356228318
0.997489509783
0.992569081576
0.99712938389
0.996959997498
0.992678903043
0.99241309112
0.991482623479
0.991176871231
0.979560658854
0.992409041842
0.960134890949
0.999319946226
0.996790247904
0.992231706998
0.993855184879
0.994160712383
0.995000228418
0.992375911506
0.989582428541
0.992578787427
0.98966848512
0.9892805822
0.98358999162
0.989149385423
0.992290463382
0.958920512401
0.982560791737
0.978472142525
0.970781501495
0.970922098949
0.971070486122
0.958296238866
0.949958152613
0.983152888449
0.96004093556
0.998368166036
0.989342614168
0.970734552437
0.976632709722
0.977823996956
0.981584632177
0.970801587722
0.990368361297
0.993158487558
0.99038360787
0.990457629233
0.984808256558
0.982706525497
0.991402195407
0.974273042219
0.985058379425
0.983907220332
0.975135096493
0.974864954052
0.973876914905
0.976849191224
0.961314419157
0.980388794886
0.960038676238
0.998780178234
0.99015704741
0.974220535725
0.979515960826
0.982429276664
0.979661969549
0.975016955221
0.991349140512
0.993930689831
0.991434693037
0.990992214524
0.986409889242
0.989195160275
0.990915090636
0.988696077615
0.995302613624
0.993954832047
0.979961737
0.975079509575
0.974683448843
0.988854848137
0.946419206258
0.982404087467
0.959976146973
0.997740936148
0.991006714534
0.977798657782
0.984340688588
0.98615547409
0.979189266568
0.977283034238
0.984683727355
0.989181759016
0.98484937364
0.984563183076
0.976070256666
0.975627344834
0.98590174535
0.95182960468
0.978506107898
0.973318132222
0.958332005072
0.961897706561
0.960771128519
0.951075247299
0.947949941612
0.974813233899
0.960046499913
0.997692510325
0.984328482056
0.959309837487
0.967323070139
0.967859597003
0.971901400129
0.959579345415
0.996199387546
0.997157543295
0.996221551373
0.995117758503
0.993996687113
0.993427604447
0.996612535099
0.80696104737
0.995967291131
0.974013298397
0.991777519203
0.982588460292
0.989254075447
0.977929775565
0.954306560463
0.981084863039
0.959924178925
0.997904130408
0.995847444936
0.99041554415
0.996682185494
0.991396786836
0.991418869242
0.989241966596
