0.926769936212
0.949319692879
0.926047557642
0.945526550372
0.926595622187
0.994147658494
0.971361803918
0.887486772491
0.923317457523
0.919702075431
0.893246849362
0.897077656942
0.935824349885
0.984782526876
0.939199969594
1.0
0.987484801005
0.984421166992
0.947357962652
0.886588412084
0.889260825866
0.873738330031
0.935441738351
0.886267106686
0.980687407922
0.984170052555
0.979055460974
0.957656887611
0.980049730945
0.973145333843
0.906131631985
0.968513969249
0.96143715396
0.962590013304
0.914882211136
0.991767158536
0.889588397844
0.944603742294
0.726033934275
1.0
0.873123147713
0.982577511857
0.96944785944
0.953633911966
0.950797277372
0.868046087072
0.960585850343
0.942929036922
0.542793985298
0.771408167382
0.769765507292
0.871273473648
0.542743376444
0.920435730214
0.772782055776
0.898796502829
0.931115262692
0.966415551458
0.942096093449
0.959479130926
0.88907490766
0.928740216964
0.905683524585
0.998892847999
0.94742535717
0.541191936485
0.5399111331
0.937942914718
0.764931120407
0.887033470799
0.895032108689
0.924706900175
0.930049452317
0.942207279131
0.930164400123
0.958692223657
0.930211359136
0.992297490359
0.877665763111
0.872254288324
0.928742305909
0.947932617589
0.913342813706
0.944287834337
0.902026827426
0.955998537322
0.967157278537
1.0
0.887451654177
0.976240984378
0.92199908983
0.907601529467
0.908484866279
0.916868358274
0.946230239371
0.914938567643
0.969429134539
0.974532896691
0.955568419807
0.970444814622
0.955532435037
0.926564617387
0.94017361051
0.951293316092
0.963525157416
0.91905188589
0.954324333605
0.972880293332
0.95370270702
0.988318858049
0.816225126738
0.989580295789
0.984694847106
0.939904996645
0.954026091548
0.950109507162
0.953564181248
0.950533104372
0.971314534441
0.951176161484
0.93458648826
0.934276509101
0.951676595476
0.963486602715
0.933205689357
0.995835130722
0.937956334301
0.842105629458
0.927059691176
0.939565586942
0.92942792448
0.975211291023
0.911043294868
0.982963708442
0.902722325096
1.0
0.980632755253
0.95343871988
0.950924426479
0.925251511054
0.932820969889
0.943604204947
0.887259494999
0.935575252498
0.965892616508
0.972308428669
0.965963827983
0.974847660955
0.966070418815
0.993543234591
0.82390316057
0.836668136776
0.885163913011
0.84341025632
0.835996757007
0.978813876854
0.93847804893
0.840351920729
0.827191336939
1.0
0.918256682167
0.96121542022
0.96500812762
0.842818959216
0.954010408311
0.959699518745
0.97921294997
0.903633761442
0.94186039554
0.979326026714
0.941588435277
0.93650319175
0.941807863048
0.940268037572
0.981172655397
0.948699660678
0.943364425231
0.955817456706
0.963357415731
0.938658694628
0.967660262057
0.990632297036
0.947734260104
1.0
0.954779709754
0.963206779188
0.965060656162
0.935865219939
0.966592241189
0.947439995984
0.982557136324
0.963192079251
0.967678468592
0.973701030446
0.968211982153
0.93346082656
0.968511384116
0.971049423339
0.960607730265
0.968922537855
0.955704291431
0.843993233718
0.943240919136
0.973049795932
0.963576628408
0.982411174923
0.941395333554
0.936577531439
0.996131517169
0.94458030836
0.935393381145
0.946145256857
0.950086959745
0.957593323156
0.978675189352
0.938919051362
0.941181694667
0.816071443886
0.91129145915
0.96121501747
0.939330395621
0.993325487277
0.684166562215
0.966399178418
0.927186345335
0.954730360142
0.901969317929
0.972792292593
0.898250155089
0.983261428171
0.874886881817
1.0
0.987909802906
0.972081149834
0.815787368628
0.921006240543
0.809176504524
0.938205063544
0.900562836696
0.912683981027
0.912835739255
0.938384155197
0.969254323144
0.911844797308
0.936158921055
0.99457409347
0.969744672047
0.962424536823
0.939741385602
0.884940421458
0.946819162124
0.909045790945
0.917385500029
0.985758904884
0.925025419151
1.0
0.979449397401
0.964133711829
0.936043596815
0.906294304777
0.906821015668
0.950532981335
0.965388836751
0.932258422719
0.991159737211
0.992768181157
0.991983400974
0.988219422788
0.99088581336
0.992863185902
0.939259336168
0.981627486757
0.98989768394
0.98533023416
0.975844723356
0.987187185328
0.978514808075
0.98790206433
0.925901605931
1.0
0.988237355137
0.986631395883
0.992822758168
0.983738438488
0.985054145129
0.984363609268
0.98985817919
0.981435820636
0.951030999098
0.953361631344
0.951744783421
0.947121450568
0.972447375394
0.940770406835
0.812952759092
0.927421417712
0.936926559914
0.941591514484
0.948605546624
0.945985451568
0.9227710864
0.987811402047
0.881131913901
1.0
0.942645849252
0.987640722856
0.960694523439
0.936104384854
0.950959480257
0.891078884653
0.922768962821
0.953367066841
0.916316402894
0.964402241842
0.950131300616
0.96436028889
0.915304022999
0.993947438138
0.955259873726
0.959300367526
0.947749870451
0.907156804812
0.854720292464
0.966457526018
0.944284966936
0.986947813716
0.95840128703
0.999989515017
0.832177808084
0.925109829812
0.916539624583
0.901667382335
0.904590465895
0.959430406118
0.834455128136
0.892650207326
0.992702291407
0.993694671589
0.992565444594
0.987052977312
0.992699786789
0.977350037385
0.975591703365
0.986994076037
0.988557189857
0.986248200007
0.965578101558
0.994456235742
0.972982952251
0.984410827105
0.954194787662
1.0
0.988727767306
0.99191971494
0.988091012944
0.976590303617
0.982646258975
0.981810117429
0.961585139743
0.970070220494
0.923403411942
0.803234011401
0.923843744664
0.870999909499
0.922713209834
0.993396566875
0.966946517535
0.769041668439
0.95381481228
0.80108516739
0.933250527103
0.794523413505
0.892438643629
0.970421293287
0.926051869247
1.0
0.969530545124
0.840935952541
0.924641600759
0.91728780475
0.797656375504
0.841970866598
0.820784722618
0.810365782231
0.95632437152
0.962530776087
0.955802674745
0.966889990792
0.955204464427
0.948871783293
0.911607906392
0.898868236557
0.9258674904
0.942626765016
0.868102664661
0.941091132281
0.905020014562
0.977865108559
0.940605950521
0.999979618293
0.947801379382
0.89745761744
0.962700523468
0.937652441486
0.924006690659
0.96157964426
0.956581139587
0.856674099675
0.927970995606
0.789916254309
0.788848197336
0.9254715324
0.928740751454
0.833755827025
0.701322969916
0.893985912603
0.959671541969
0.917308151745
0.936380999722
0.921469052296
0.953397616914
0.980857912153
0.740513280891
0.999977581119
0.973604573112
0.988241899391
0.926893600592
0.85374549896
0.8525170293
0.845089166193
0.961197647387
0.912724339182
0.958556668012
0.96592272724
0.958517508303
0.978286273653
0.95928449249
0.874350293385
0.785045947666
0.914817511512
0.9070513205
0.963349645356
0.957828616053
0.979037001272
0.92986441813
0.989241548725
0.911807441958
1.0
0.915885759743
0.882331234217
0.959229056248
0.93997091468
0.943723365498
0.874611114942
0.953221396623
0.874775744396
0.987133797613
0.970501212744
0.982450505458
0.986760827077
0.98219354807
0.995018559101
0.958422010685
0.985733796781
0.987643461255
0.986762658619
0.97412052297
0.987080787559
0.985822178394
0.993641289667
0.909415839763
0.970853311458
0.999455958683
0.990840879066
0.970331654119
0.974392595954
0.980495271245
0.973610988416
0.989625603755
0.979045966706
0.980209328961
0.982709469262
0.980332163638
0.956553325575
0.97938661549
0.955093986083
0.955023221312
0.952792582296
0.970660903226
0.949381486549
0.952796503556
0.981890821306
0.961938583097
0.986846835408
0.938536949853
1.0
0.994454675514
0.978407924953
0.982954013854
0.960465314283
0.963772148674
0.938600270009
0.971892775031
0.946490401965
0.961473160869
0.963846293177
0.959710451894
0.976029714827
0.960669682307
0.995288225059
0.976897958651
0.935144686266
0.952117876434
0.953982464558
0.952407312473
0.963125286612
0.920557325197
0.987879055223
0.848723610302
1.0
0.970919421049
0.98710111295
0.95959586726
0.947306693887
0.950921111034
0.957459609727
0.953534810914
0.928279196196
0.952196302747
0.955841413438
0.953443874825
0.954211172066
0.952435954352
0.957899773713
0.943906103061
0.960268070626
0.888727325834
0.954963329948
0.954177983263
0.949649402376
0.951206536042
0.984696293652
0.833041283426
0.956290545207
0.993487366935
0.923147458023
0.950327086732
0.938581141517
0.954296903221
0.942552061174
0.978020605986
0.947639630927
0.809700294146
0.95893207063
0.809586682711
0.965635700028
0.853639331755
0.991562027766
0.807593127113
0.86497798677
0.943946891965
0.946672392661
0.927442563594
0.964669186422
0.895749346149
0.976486860468
0.883145039758
1.0
0.990918077688
0.893225192334
0.947349912716
0.926380249467
0.929424789178
0.948108782312
0.939869929582
0.926623719109
0.911710405757
0.914220202046
0.896194180798
0.992211057125
0.895768153339
0.980817754313
0.985804673514
0.982847519835
0.952878202319
0.82508627283
0.974844333839
0.970781358825
0.946426861339
0.996782224599
0.920030358119
0.978019125524
0.997385666183
0.880334070445
0.984788488984
0.951239296217
0.975462314513
0.824543061328
0.995428499734
0.98248477678
