0.970372879792
0.9792299884
0.969989806768
0.970805528771
0.928281589762
0.969340029603
0.974673668135
0.85734104705
0.91168043363
0.914251629444
0.906464894001
0.90695288142
0.917235169504
0.933519591583
0.926255049581
0.969324732264
0.941598946049
0.998148072123
0.970140978375
0.911504060309
0.929503792624
0.936986400625
0.941571866561
0.904125943717
0.937420026772
0.957946575137
0.936425369665
0.934645669322
0.860060269035
0.87645648408
0.956389274244
0.923623645607
0.932643389924
0.931930836294
0.828608883259
0.792943321489
0.82230230167
0.953865136324
0.8980497728
0.946948764541
0.958571427819
0.999654196078
0.934541798673
0.827304000856
0.876868351569
0.849491579954
0.783011771551
0.818227811254
0.964627690249
0.97586473148
0.964695024643
0.963529161274
0.915686405036
0.953789840265
0.96911640754
0.964110110544
0.972702137023
0.967584924989
0.913887861251
0.9157865028
0.900367817304
0.972964958657
0.979523273195
0.958832598767
0.947625696538
0.990144343987
0.962634436041
0.906969627585
0.934078483641
0.94192971269
0.911096740186
0.910751091765
0.963648880653
0.974587051687
0.96384428881
0.961670312579
0.913748705671
0.93812242733
0.968176023805
0.972660471356
0.976694629567
0.971243191359
0.899942619266
0.899528198009
0.902998749164
0.982538236935
0.966970375274
0.960951759402
0.943491112822
0.998244560997
0.96335192459
0.907423008561
0.934135752855
0.911640698085
0.904824890828
0.899031078677
0.984757404424
0.989304852895
0.984787622814
0.983960258904
0.962917360812
0.976900792843
0.980487614365
0.895817833159
0.94413634649
0.945688908216
0.957604885703
0.961307336632
0.9555641799
0.930949540264
0.960674268208
0.952834147809
0.955738414531
0.996082463026
0.983570551148
0.955331901469
0.963115035744
0.972097093326
0.981860346386
0.956471611715
0.987508064205
0.990896207731
0.987541435061
0.986845947067
0.968875445312
0.973450225059
0.987851971444
0.945141711011
0.964802235902
0.966129049044
0.96269863123
0.965059621813
0.962101304081
0.965344510294
0.960095612799
0.976186603357
0.962123162211
0.998213430366
0.98636909046
0.963767125638
0.970508174165
0.96780286888
0.979425472618
0.962662549909
0.972948025638
0.981090624109
0.97276736945
0.971317137643
0.934473577567
0.969020988879
0.970016216184
0.945741793009
0.970144488134
0.964563276069
0.9258373739
0.930327091584
0.921190645137
0.956885477414
0.952259461023
0.96634653801
0.947447995049
0.997053043157
0.972445943756
0.930840004182
0.947958390187
0.941083584071
0.946754402192
0.92565842315
0.989404281393
0.992452889146
0.989373158235
0.988955495128
0.973658523749
0.974759995354
0.986698268858
0.906547521555
0.970463911827
0.962249883904
0.96853421761
0.971098500292
0.970651398868
0.950952571136
0.972363627791
0.974440871409
0.963046524757
0.997419179946
0.988376283757
0.968563460591
0.97461535987
0.974862278992
0.985332207646
0.96972054607
0.979332560862
0.985242911069
0.979166011074
0.978635123445
0.949165234014
0.977682132958
0.971562290274
0.952395676821
0.978051040682
0.971890525929
0.943515986554
0.939006474099
0.950297661233
0.964336925213
0.951526757369
0.979234371237
0.942812712671
0.993695658701
0.979270359312
0.943777330507
0.961120347466
0.953374590212
0.953794559063
0.944743067298
0.977910587094
0.984110322569
0.977469792661
0.978559233956
0.945402041939
0.966297129671
0.971018265884
0.959813639378
0.972784516156
0.971501526002
0.935642062767
0.933524275492
0.939630089132
0.957900187767
0.949599843764
0.975976888479
0.951467314807
0.995088493705
0.977298451663
0.939495658627
0.956498992103
0.953364982881
0.927372622458
0.935606908721
0.979685464293
0.985950461155
0.97959450457
0.980072484174
0.950671868072
0.971238264301
0.981085216286
0.929300712543
0.950214156134
0.954633742537
0.94117769911
0.935344964972
0.936184661665
0.941238648178
0.95819090695
0.951513077349
0.953022424504
0.998154572098
0.978830713732
0.93968942364
0.952476145029
0.954650246978
0.96332748146
0.938212722187
0.98241981112
0.987536673941
0.98234724101
0.98282613019
0.957250579971
0.965293170151
0.988792300669
0.967041436101
0.9826065617
0.980793803654
0.954274370221
0.951656968353
0.951520891601
0.978126254947
0.954797274045
0.982590234071
0.946369156642
0.997581815372
0.982078430986
0.951478083357
0.966344166216
0.965001091246
0.958022233739
0.95157038472
0.984415102228
0.989061890882
0.984542529345
0.984915178035
0.961886295095
0.980072779188
0.985792132187
0.875742499426
0.919754361619
0.92587206418
0.952945743313
0.959532991347
0.949726787417
0.920480258673
0.960435642983
0.964188223434
0.958583805008
0.996831719448
0.983246320687
0.954824104709
0.960664445314
0.962797194807
0.978072957311
0.953384339672
0.976810404027
0.983881278666
0.976830286611
0.976847690707
0.944453996807
0.960083951333
0.977177434423
0.920860629366
0.942418446066
0.943831312352
0.941924259566
0.933262502833
0.93878501894
0.934244383193
0.969187671225
0.966535960471
0.948703976142
0.99512118889
0.976565733452
0.935276460842
0.94915393088
0.95914528053
0.963166618588
0.939209987793
0.990085594448
0.992844442421
0.990058355946
0.98969611157
0.975753099306
0.982502573853
0.987548127832
0.985889709775
0.987024401109
0.989561113249
0.973959808044
0.97359120201
0.968935297432
0.990240155652
0.967661988848
0.951385459116
0.980361154646
0.999065108445
0.98732201306
0.973306958302
0.976003234336
0.979026764377
0.980936210713
0.973832184533
0.972002290655
0.97999679145
0.972093075294
0.972257411988
0.931771546194
0.960302009265
0.960204728585
0.963168973743
0.970116165694
0.9659319584
0.914257339473
0.914405477779
0.919758275227
0.975086080328
0.933854570215
0.973050537021
0.948377102232
0.993382464097
0.971588132522
0.919979957812
0.947466350133
0.929882696143
0.907387858697
0.918530629233
0.984096466968
0.988901177043
0.984076251879
0.984186021408
0.960855450875
0.976125603772
0.976642730391
0.972129691706
0.974803744835
0.978365903407
0.949716106601
0.95251579776
0.949743683191
0.979321871349
0.956134395465
0.949894114265
0.951638462355
0.997003758126
0.98324574577
0.953459406012
0.963822908529
0.949915664783
0.957244488406
0.950951306199
0.974556565541
0.982378178496
0.974371258287
0.972561999893
0.939240240399
0.932837849474
0.973210816415
0.903417239119
0.928641566762
0.936597605994
0.925789870487
0.922158640239
0.926377402384
0.934193695125
0.929910203298
0.938294316616
0.959722915854
0.996359766125
0.972633173385
0.926656675624
0.939651244179
0.947510104445
0.960834499714
0.924952796769
0.984896842687
0.989403339189
0.984926143966
0.98462267986
0.962953671763
0.981948024916
0.985693957718
0.913881174201
0.978076334967
0.967446464997
0.955012673669
0.960373581021
0.956867470544
0.965301525379
0.961327132337
0.977110042009
0.955253874099
0.998189681693
0.98444025228
0.957170304287
0.967543980127
0.962609379543
0.97954109617
0.956622739419
0.995086638567
0.99616680515
0.995080496615
0.994157899151
0.987738467238
0.974226706949
0.995699155036
0.984843251868
0.988500583004
0.993096597793
0.984479573914
0.984985348983
0.98040648391
0.988918336396
0.980330932317
0.984423656107
0.975692299567
0.998646837387
0.993420602948
0.984568637793
0.986652481451
0.986087078472
0.989137693675
0.984644320573
0.979314967368
0.985385313574
0.979541082581
0.978379390046
0.949236851552
0.977425068804
0.983787025548
0.921065563831
0.952458587708
0.953543904645
0.940732576549
0.936695280845
0.936248650912
0.938503478258
0.946168150966
0.973036901361
0.952602140709
0.996798897738
0.978834008068
0.941900313339
0.955198717739
0.954447921317
0.965349363158
0.938313632875
0.980794814043
0.986450762289
0.980947335661
0.981023182281
0.953020899358
0.967226354557
0.983279566323
0.951341294953
0.96920128337
0.965756067056
0.94867333029
0.939710391343
0.946447053609
0.962418713147
0.965953027419
0.970675707164
0.952079228629
0.997603030804
0.980202619943
0.948495275234
0.960495443787
0.959384132849
0.955217296233
0.947949892358
0.982895936504
0.988124765783
0.982918786174
0.982661326384
0.958364441475
0.977746333941
0.982676930521
0.974363281255
0.987655680338
0.983795721271
0.957384142881
0.950924326821
0.953667800077
0.979070257316
0.944170368722
0.972397088121
0.952475024156
0.995535280997
0.981918696296
0.958150793094
0.968357304879
0.969329904757
0.965237682974
0.951743950249
0.96980685629
0.978580270194
0.97019130011
0.969221950864
0.926980321036
0.951865452712
0.970300596844
0.907920638
0.943982670947
0.939055764299
0.914379309566
0.917217981842
0.918669585236
0.927796109768
0.935917699214
0.962912592606
0.950430111778
0.995502848154
0.968757897887
0.916391665253
0.936466447718
0.900863433745
0.94395849379
0.907244632901
0.992403983992
0.994334380807
0.992464097994
0.989977117249
0.980848743104
0.986771718305
0.992522988335
0.7102976141
0.972283877603
0.938483829881
0.982329977112
0.966110808251
0.984483654612
0.972820727444
0.963951474271
0.972350007769
0.979919051432
0.995722244827
0.991670981923
0.979155750083
0.981352597029
0.9859699077
0.985942679085
0.977812267626
