0.967379689298
0.977100682458
0.967000602128
0.968122809336
0.921374656752
0.966336088082
0.972160269917
0.837230066519
0.900813901812
0.904822828916
0.895913050564
0.896286439663
0.910486878046
0.926987703029
0.9207178603
0.968534878895
0.940825748771
0.998214101118
0.967214370149
0.902881952598
0.922544287875
0.930666891155
0.935043742465
0.892905585523
0.901927936924
0.931939167746
0.900858489967
0.910171766488
0.802310189117
0.820590227191
0.93326485852
0.882498780099
0.893206935445
0.897310265193
0.740777891887
0.715559478928
0.759892320617
0.934212566648
0.926510528781
0.946710855259
0.958116037924
0.999585881984
0.901233401639
0.742275132632
0.81295229191
0.819340492717
0.685811466614
0.736923350269
0.933821448792
0.953387007626
0.933622102271
0.947682470877
0.854999268524
0.923260689689
0.941594688997
0.942313211799
0.96037043545
0.950908336454
0.866872159474
0.864946420538
0.848891962903
0.957525831505
0.954574244111
0.953877294234
0.948330905844
0.992799511283
0.929786288624
0.865317332521
0.888557591548
0.904218549756
0.86412096868
0.849555242054
0.946855150684
0.962583624646
0.947119709273
0.947814321617
0.87740688275
0.909448600422
0.95316530882
0.960964421269
0.96451252194
0.957119212882
