0.8369209342
0.859701975311
0.839308856657
0.843919649106
0.661049459651
0.903529878509
0.886490838839
0.654325775846
0.697065143062
0.705243789323
0.664427091727
0.701245928756
0.784750473407
0.851057346931
0.98627464748
0.955218281789
0.953673395999
0.976179690247
0.835457885831
0.694642417325
0.711826146895
2.0751972911e-14
0.646789869492
0.676906495326
0.189040109888
0.771134113726
0.188960835546
0.69518926103
0.111456655389
0.595077034473
0.926842089138
0.875574228942
0.892150362874
0.882772043687
0.672985147658
0.678164156947
0.351106612352
0.899744075982
0.865829442169
1.0
0.997000836063
0.973640841826
0.154059285778
0.753464354501
0.863103246864
2.77945996565e-14
0.73962182137
0.764216328456
0.732371161986
0.722971467108
0.633149619753
0.616133493931
0.531837683864
0.443324355926
0.475036054915
0.867753825349
0.67514009236
0.861160240385
0.756572009243
0.398367254765
0.592666784941
0.45297478318
0.413021733254
0.57781137747
0.500155066155
0.491347763158
0.70283766344
0.760152067193
0.625972092471
0.775998366581
0.749438264532
0.690126385468
0.741359101687
0.788144132828
0.745668413323
0.824255409942
0.566541643025
0.80959443863
0.338295476217
0.830873035377
0.84492814683
0.759727609697
0.704101244877
0.776153266365
0.655985871573
0.912928938792
0.991944785278
0.876562335605
0.78534311777
0.938857967665
0.755513243897
0.702031408757
0.688400878781
1.11563747861e-14
0.667887185606
0.609119339278
0.870585080023
0.879037199222
0.868404673195
0.872248448418
0.716502130659
0.880334205973
0.34936087025
0.690000427926
0.759512403624
0.754952205605
0.766157405128
0.775241220875
0.746300357572
0.871212343682
0.942148709077
0.868113837093
0.932922294053
0.938511951738
0.847327359426
0.777766878736
0.790173142535
0.571978862172
0.885648793816
0.774664802128
0.868924110406
0.887877084881
0.863305487698
0.860684466001
0.742227362407
0.89763766943
0.599205601798
0.671739609588
0.757046009086
0.732749484664
0.669068635539
0.755848077058
0.768372350932
0.900803145081
0.929591661284
0.986679877182
0.939906945589
0.979804011686
0.846893084369
0.712146630679
0.774813576394
0.362229617707
0.702008787672
0.695204996958
0.766347254227
0.844561770614
0.784162332685
0.777731688992
0.629495821088
0.808779367526
0.864671175421
0.83543862499
0.824555464178
0.670399579442
0.737491187564
0.710188891382
0.733514234269
0.941973621727
0.900106642315
0.999958461594
0.85335681369
0.872916169741
0.81813329786
0.764329461633
0.759334520328
0.741774046022
0.809753391242
0.764269572212
0.87137539156
0.926623907668
0.854785179462
0.884486657666
0.754590299326
0.904863791812
0.730046888046
0.760677816726
0.846823102196
0.836014910165
0.829572031372
0.897563030242
0.822301082952
0.892119778198
0.928326969805
0.96249282172
0.953658651783
0.91674353541
0.862786664034
0.819034609179
0.863513718778
0.711505317383
0.916018440934
0.844697982661
0.837397829435
0.86190152696
0.85461394022
0.878242404429
0.692523654455
0.828837036001
0.649173880922
0.833196260299
0.869196355254
0.811171296919
0.788988053026
0.804822805367
0.7720458618
0.921814236407
0.897924698585
0.925300679591
0.982650378392
0.955739840553
0.862378402266
0.754116016614
0.784626990785
0.382214626549
0.835028256934
0.799281598881
0.786704625195
0.801593116858
0.784948254716
0.831200062782
0.612223802793
0.93207882632
0.577981385613
0.860945805393
0.834024436063
0.684224489581
0.729242713463
0.811675419402
0.744763159584
0.897626899541
0.94069157863
0.933953910654
0.819969648452
0.941641759896
0.790284988441
0.746556792039
0.701126712066
0.176740650185
0.7990091291
0.741444749434
0.833463551484
0.881503489037
0.838041475719
0.835795139854
0.672008363917
0.877616567265
0.522567660155
0.801688605262
0.823241577867
0.780133083728
0.772580783349
0.771508278886
0.747410492602
0.867908891259
0.960597553158
0.877620683195
0.984188190375
0.972398815906
0.853503030937
0.772987242733
0.757897408156
0.469199969796
0.792008066289
0.782635915496
0.941417229778
0.967413331841
0.957599332557
0.945217983344
0.756373986947
0.9028586278
0.966110632442
0.907411228023
0.938020018105
0.949331359862
0.850575024375
0.902291604486
0.937027432231
0.953234643437
0.98546468141
0.992975770412
0.966169089542
0.95348481665
0.954324882153
0.896081526075
0.922207769992
1.01912114616e-13
0.876363178182
0.849660154951
0.887151595742
0.872107198119
0.88854714117
0.868852903213
0.666145897185
0.805727603884
0.550729433094
0.523562186018
0.642780370374
0.716629500384
0.73682761243
0.744085220918
0.721155621704
0.831456883938
0.978102618234
0.979425393631
0.976744583835
0.972975236877
0.859399615661
0.771350270144
0.746591945896
0.274461548355
0.840696712884
0.701545957004
0.835518711527
0.828890912768
0.815398671889
0.80017456487
0.6612776525
0.923386053912
0.817575309173
0.73103131637
0.765944176685
0.759157464077
0.742943446002
0.758578474699
0.74477046271
0.868716317262
0.913736974255
0.980500425651
0.848392236204
0.840850208455
0.795977151931
0.712423923747
0.75018528687
0.696690560919
0.75294123552
0.738235303018
0.972199718706
0.974826295972
0.97121221711
0.944655589775
0.905809460741
0.953610527765
0.844163732683
0.928416691956
0.952955476294
0.952663642595
0.911475315703
0.895064434846
0.918129277782
0.953887243698
0.972226876571
0.994354285861
0.987092628894
0.971949366859
0.936678565929
0.897423289206
0.935028665181
0.537329955944
0.929671011975
0.904065089598
0.753941471699
0.763211313705
0.741947815355
0.853426002948
0.570039861496
0.809579320862
0.716594603493
0.869397562029
0.811739759089
0.863215107656
0.379883296458
0.670070984267
0.65191693396
0.778273689583
0.907293885466
0.974854400967
0.99649981303
0.670429416816
0.729440801583
0.759619257725
0.671034138201
1.39633886092e-14
0.681223246802
0.629948496733
0.832570878642
0.85533465861
0.816542396171
0.862019823504
0.699236492994
0.840905461234
0.496487565846
0.781578548135
0.743120143867
0.799440193014
0.754201261853
0.750175059976
0.762789337043
0.868970166576
0.957712638387
0.699780674207
0.894364582516
0.869989531097
0.808039647926
0.725570830009
0.687863651755
0.488423017308
0.768823213293
0.743475965166
0.809355018824
0.810880391885
0.803498263791
0.717862786798
0.558375348939
0.75394173893
0.207807453496
0.675136733627
0.747710411435
0.775652466955
0.705425640709
0.619286736197
0.727673806498
0.777960190188
0.895641642542
0.999350232554
0.835807873405
0.830628915339
0.682216351935
0.67179652276
0.713213978347
0.166712179865
0.772272989732
0.692325528727
0.832595031714
0.85566536741
0.799404799454
0.904846768492
0.650841750543
0.891350515895
0.437750342574
0.74477963225
0.765168976501
0.547241641103
0.811779429965
0.851413433361
0.695686140807
0.947319045364
0.899181571795
0.982739112499
0.892147583418
0.839314495016
0.789952408018
0.810825417164
0.757560309765
0.358970695144
0.880940373926
0.785259210944
0.961269152268
0.968366620388
0.961262091662
0.950332580896
0.921355294835
0.915597728913
0.826256747018
0.912830279803
0.950998199407
0.931086127501
0.90067768841
0.91209091092
0.922644628201
0.955860611022
0.970789292865
0.987663885918
0.998943927226
0.981358013209
0.958969125118
0.913841607308
0.939948055176
0.79915202813
0.935764843096
0.902391025851
0.896623642195
0.918231608633
0.901225147481
0.890683919255
0.646245191777
0.901668100209
0.832430785965
0.780561738944
0.832865661379
0.808791397799
0.785048593243
0.791804556755
0.807227022721
0.876843816159
0.961455792923
0.992438139888
0.985592086852
0.959242140895
0.912058036024
0.79561679445
0.825936158952
0.407024710014
0.819388890211
0.792962042557
0.888601971952
0.910575592676
0.877101538715
0.892422405575
0.735178253558
0.885099924402
0.609879523604
0.851658635694
0.885940989169
0.85674999459
0.823648246308
0.774378165286
0.809448752176
0.946698938289
0.897190152731
0.895585792703
0.880895855522
0.958771599653
0.882465987888
0.817712754827
0.824831961887
0.524610167149
0.849949382306
0.822098011758
0.874350885491
0.892053189419
0.85796261144
0.857380890302
0.701475157311
0.851486797158
0.649085803967
0.886778474985
0.877096208362
0.868915451823
0.804008030931
0.770843091656
0.793721383418
0.94767545184
0.960334928452
0.94389793815
0.873118661163
0.872802500407
0.854536007284
0.77679870434
0.815815152066
0.624951911123
0.805503212488
0.791974988258
0.741468583297
0.730202657859
0.746635043281
0.837269321053
0.555688093521
0.865043269317
0.786503908464
0.725568324876
0.756078463049
0.781044441052
0.607172867937
0.642832873938
0.732939590671
0.740095915649
0.912028528603
0.886574624707
0.931408059021
0.870246352431
0.708934764636
0.697655126387
0.661457077141
8.70372829903e-15
0.680424856622
0.597819299589
0.85533113707
0.850001528403
0.872779447575
0.954537597096
0.728241250842
0.772058204188
0.662751677971
0.3946159857
0.771085460824
0.849582534283
0.778518867354
0.939750439218
0.875818538545
0.947735098147
0.962583764094
0.712963218319
0.979873665424
0.815999098668
0.91572418961
0.893300798922
0.862712754953
0.890126298943
0.985313325212
0.902089292034
