0.992509786625
0.994680447332
0.992400007539
0.992246851544
0.992377529617
0.992272147181
0.989612096593
0.969772933216
0.984351996759
0.980013501647
0.97829221715
0.982391752878
0.974768021102
0.975687729916
0.942754021177
0.995890201803
0.983980776584
0.999484207793
0.992394983524
0.978244949706
0.9811889189
0.982697546624
0.986274181515
0.977980450035
0.983313112585
0.988426090633
0.983575983077
0.983323891891
0.983172137437
0.967314930585
0.98453228697
0.983872694514
0.980357293468
0.982805897827
0.957926151686
0.956540688506
0.955863839253
0.979696912338
0.896079274836
0.992454696799
0.987103633138
0.999786381951
0.982961836741
0.954166118614
0.964808031422
0.962504703236
0.964650241138
0.954940737523
0.990911054458
0.99366862519
0.990984030957
0.99037358162
0.990766660086
0.988517446487
0.991840309399
0.992717487019
0.994833949223
0.993431120021
0.977894137984
0.976476629313
0.974983439786
0.988184525833
0.967990134854
0.994444820755
0.986292749075
0.997374610771
0.990472870182
0.976009888176
0.982336518994
0.98711502916
0.983943983117
0.977386194731
0.990707452431
0.993499756089
0.990758905346
0.990288624872
0.990610225967
0.98333628025
0.992645236225
0.994687886819
0.992670159599
0.993650109229
0.977277352165
0.970349672288
0.973340730305
0.994163565494
0.969640420843
0.994639579154
0.984700681157
0.999474187674
0.990619418212
0.9746848357
0.981546984953
0.982146386017
0.975008419828
0.97659236552
0.996087267106
0.997264444759
0.996140177981
0.996047980305
0.996046055413
0.994295522997
0.99613858
0.981736157542
0.994925402648
0.990389349882
0.98962036754
0.989323704974
0.996976478943
0.978802746684
0.951498174459
0.993398145823
0.987057240372
0.998975359791
0.99593814834
0.989141566384
0.99090949391
0.994711045101
0.994370845632
0.990035087082
0.99688098874
0.997748491179
0.996875182361
0.996849516135
0.996830892722
0.993472565995
0.996035054084
0.98758711133
0.995002527657
0.992870765571
0.991166680691
0.988987976186
0.991945985174
0.987815074839
0.967758120871
0.997052558778
0.989138632613
0.99952176007
0.99665068994
0.991050168883
0.992364283451
0.993506022849
0.994654068849
0.991418256847
0.993124241304
0.995163011494
0.993091104417
0.992786272456
0.993041583152
0.992433759356
0.99296688399
0.992209455382
0.995694493243
0.994023286908
0.982917197142
0.982569671681
0.979576848379
0.986633129615
0.952440085982
0.995454596026
0.985070772776
0.99921928108
0.993021816538
0.981682341258
0.986237190008
0.987860638279
0.989085521886
0.982180871638
0.997342503476
0.998109892762
0.997381346568
0.997273844114
0.997310036798
0.994358517809
0.996937886508
0.981954499741
0.996060843598
0.993457181986
0.992821544022
0.993938341416
0.990952725024
0.982372176207
0.962209952552
0.996776880683
0.98883505111
0.999325084408
0.997170194511
0.992567895931
0.993457824758
0.994849403493
0.995455295717
0.992984241911
0.994795226072
0.996304574152
0.994833213409
0.994569703334
0.994722556686
0.994445799994
0.994861156315
0.99201855608
0.996043135562
0.994751161627
0.98613002806
0.988962435638
0.984735152018
0.987658478548
0.954468301335
0.997335917464
0.984289093918
0.998342375145
0.994697995056
0.985741838775
0.989193354457
0.991024835097
0.992776099489
0.986087871114
0.994440848461
0.99606198852
0.994437032442
0.994523307693
0.99436525487
0.991418592754
0.994626692836
0.992627411254
0.99553539711
0.9947696982
0.984930003063
0.98991888938
0.983736292224
0.984837948784
0.951609149196
0.99700116098
0.98613320526
0.998652532055
0.994258063386
0.985052353655
0.988321838268
0.989281677585
0.990613206675
0.985421827748
0.994826375574
0.996403655636
0.99477448462
0.994980436634
0.994743008273
0.993171812663
0.995106351637
0.984895878221
0.992808124056
0.990246117838
0.985577945137
0.991405779089
0.983374186613
0.976206699842
0.956191130523
0.99313735835
0.985778911289
0.999539966387
0.994668449772
0.985107040558
0.987882241006
0.991820745164
0.991581091273
0.985814453659
0.995629808991
0.996874548546
0.995641734842
0.995595804345
0.995578988239
0.991226283245
0.99605885564
0.993431706886
0.995832706339
0.995839342184
0.987872178056
0.998956794335
0.990824283046
0.992537246046
0.95918189444
0.997944432724
0.98546022478
0.999360759019
0.995536381727
0.987733475188
0.990652062861
0.992130957643
0.992721027729
0.988329559016
0.996117602576
0.99723035835
0.99613914582
0.996219524303
0.996059588357
0.99516749428
0.995142766967
0.969206639658
0.989686114317
0.983162679901
0.989207454237
0.988105403637
0.989592978528
0.965939368323
0.965374115619
0.995303709083
0.988397641905
0.999172582802
0.995872940858
0.989411392221
0.990185640332
0.991715378888
0.993274689446
0.989493803249
0.994127810572
0.995871917227
0.994187514251
0.994183672224
0.994058802571
0.989475557501
0.994329855214
0.984542939685
0.990525086565
0.987694889242
0.985111387089
0.994833331553
0.984935202595
0.975924070009
0.962584429017
0.995486065844
0.98517707949
0.998690075261
0.993989532614
0.983992969009
0.986783818544
0.992343007743
0.990477904632
0.985009949298
0.997493261319
0.998179288922
0.997513901738
0.997323355514
0.997453074756
0.995846049143
0.996847339942
0.997148412179
0.997744950576
0.997594017871
0.993517702311
0.992447104576
0.993271689859
0.996093585965
0.975325207276
0.993400754131
0.994034986771
0.999748966206
0.997017650037
0.992799376504
0.994576196934
0.996536204351
0.996134312038
0.993368526575
0.992932007978
0.99501166242
0.992917349693
0.993002801612
0.992848241576
0.989583863613
0.992806079488
0.991301061292
0.992907854292
0.99270024301
0.980015943319
0.985551005941
0.979286645741
0.989930472083
0.956680374618
0.996518651425
0.98559241744
0.998260466404
0.992732881639
0.980008394205
0.9846672968
0.982727336825
0.97462530309
0.979199712466
0.995906790322
0.997132959081
0.995921495286
0.995961537696
0.995839600908
0.99400000516
0.996307270538
0.994463943169
0.996625083849
0.995789732297
0.988506902784
0.989485512978
0.988002450699
0.986910241324
0.966188445777
0.992872844287
0.985208468108
0.999146372319
0.995745160678
0.988352663668
0.990820979222
0.990177023608
0.99406501897
0.98839237773
0.993498951954
0.995446585471
0.993479119527
0.993066264691
0.993426646981
0.98211357355
0.99246689221
0.981047816681
0.990078047264
0.987299059136
0.982331348483
0.985882595839
0.975505286616
0.973202641469
0.929172153902
0.991085769391
0.988579534774
0.999032079237
0.993091952257
0.982196379045
0.985171964831
0.98955682624
0.989767193843
0.982811858989
0.996206569348
0.997319470441
0.99622729394
0.995395542004
0.996155555571
0.99555364622
0.996236311643
0.985158301262
0.995652531309
0.994373430442
0.989466274176
0.987236967647
0.992133747577
0.987980858931
0.964133486229
0.997041942351
0.986272000415
0.999501421262
0.996082839846
0.989352210894
0.991442305025
0.99367720371
0.993777301846
0.990136496387
0.998764771189
0.99902753991
0.998760310568
0.998488213193
0.998754206415
0.993897773183
0.997448126857
0.9970922514
0.998931169917
0.998672915587
0.996202526182
0.999373579829
0.995942641738
0.99504406865
0.978188883802
0.99839716057
0.991994639373
0.999656521706
0.998407109443
0.996197869134
0.996984414852
0.997337013265
0.998037642439
0.996272262863
0.99484235486
0.996328001714
0.994839417655
0.994638642588
0.994764671141
0.994623035926
0.994732405615
0.983689366094
0.993589820665
0.989985185388
0.985781451408
0.989441293264
0.984454313922
0.977268649512
0.947942513521
0.996553623793
0.986995173
0.999180000855
0.994638008226
0.985521951791
0.988173233281
0.990156545168
0.992076323442
0.986128453054
0.995254490885
0.996622861071
0.995195880905
0.995304963136
0.99516371673
0.991676420596
0.995147550692
0.989631278359
0.993022735578
0.992085163176
0.98750696269
0.987494955547
0.987626848123
0.98753971881
0.964852611508
0.996210769252
0.987686343594
0.999351476383
0.995052388438
0.987337288564
0.989401275481
0.991741858833
0.991971821037
0.987794274583
0.9957089488
0.996970911703
0.995694436222
0.99538113709
0.995651048556
0.994529068788
0.995299224504
0.995898222603
0.997702216919
0.997287759539
0.98945738772
0.996617164923
0.989583450858
0.992629099628
0.944643279625
0.996463366774
0.986211303698
0.998856531851
0.995518246661
0.988492459004
0.99191104915
0.993861985665
0.994037594795
0.988996533355
0.99247653156
0.994620704931
0.992439729233
0.992239092195
0.992348685583
0.987705861662
0.993231067407
0.980823811073
0.991268091366
0.988389580189
0.979969708851
0.976702584005
0.977544305769
0.970776813953
0.959383863853
0.995113908517
0.98775653177
0.998817653236
0.992062385928
0.979610242488
0.98346697415
0.986300989253
0.988134225842
0.980540563024
0.998120794967
0.998600868788
0.998114231612
0.997566534896
0.998103214216
0.996856148731
0.997787448918
0.910497392369
0.998912873124
0.989879115144
0.99640757338
0.988042345552
0.997690091317
0.985392567935
0.949346395792
0.996387992962
0.994030437102
0.99890882988
0.997944135809
0.995557662226
0.996006990814
0.995724116876
0.995833884687
0.995582720316
